Starting position: (1, 1) with performance: 305 ms
tile size (x, y): (1, 4) with performance: 171 ms
tile size (x, y): (1, 8) with performance: 136 ms
tile size (x, y): (1, 16) with performance: 120 ms
tile size (x, y): (1, 32) with performance: 116 ms
coordinate search took 4242692 microseconds to converge.
Coordinate Descent result: (1, 32) with performance: 116 ms
1 1 334
1 2 235
1 4 200
1 8 152
1 16 142
1 32 131
1 64 140
1 128 126
1 256 124
1 512 130
2 1 279
2 2 212
2 4 175
2 8 151
2 16 149
2 32 132
2 64 140
2 128 144
2 256 130
2 512 126
4 1 250
4 2 188
4 4 166
4 8 161
4 16 149
4 32 137
4 64 149
4 128 138
4 256 131
4 512 136
8 1 240
8 2 189
8 4 174
8 8 167
8 16 155
8 32 149
8 64 153
8 128 163
8 256 141
8 512 133
16 1 268
16 2 228
16 4 247
16 8 223
16 16 234
16 32 219
16 64 230
16 128 171
16 256 141
16 512 140
32 1 361
32 2 310
32 4 175
32 8 228
32 16 297
32 32 402
32 64 261
32 128 146
32 256 148
32 512 132
64 1 257
64 2 223
64 4 177
64 8 235
64 16 395
64 32 343
64 64 253
64 128 141
64 256 138
64 512 138
128 1 247
128 2 201
128 4 170
128 8 215
128 16 381
128 32 349
128 64 252
128 128 141
128 256 135
128 512 138
256 1 251
256 2 203
256 4 169
256 8 206
256 16 385
256 32 349
256 64 237
256 128 146
256 256 135
256 512 132
512 1 516
512 2 225
512 4 173
512 8 215
512 16 378
512 32 346
512 64 215
512 128 140
512 256 136
512 512 140
Exhaustive search took 20465122 microseconds to converge.
Exhaustive Search result: (1, 256) with performance: 124 ms
