1 1 8030
1 2 8889
1 4 11934
1 8 10232
1 16 10526
1 32 10506
1 64 10848
1 128 10805
1 256 10857
1 512 10778
2 1 2934
2 2 2272
2 4 1848
2 8 1743
2 16 1651
2 32 1639
2 64 1618
2 128 1606
2 256 1606
2 512 1607
4 1 1536
4 2 1123
4 4 954
4 8 834
4 16 796
4 32 776
4 64 770
4 128 765
4 256 763
4 512 755
8 1 924
8 2 710
8 4 622
8 8 579
8 16 563
8 32 555
8 64 551
8 128 551
8 256 549
8 512 551
16 1 500
16 2 395
16 4 341
16 8 316
16 16 301
16 32 295
16 64 292
16 128 290
16 256 290
16 512 290
32 1 339
32 2 279
32 4 247
32 8 233
32 16 227
32 32 223
32 64 221
32 128 221
32 256 220
32 512 220
64 1 277
64 2 247
64 4 232
64 8 225
64 16 221
64 32 219
64 64 218
64 128 218
64 256 217
64 512 217
128 1 245
128 2 227
128 4 220
128 8 216
128 16 214
128 32 216
128 64 213
128 128 213
128 256 213
128 512 213
256 1 221
256 2 215
256 4 211
256 8 210
256 16 209
256 32 208
256 64 208
256 128 208
256 256 208
256 512 208
512 1 179
512 2 181
512 4 178
512 8 177
512 16 176
512 32 176
512 64 175
512 128 176
512 256 175
512 512 175
