1 1 39974
1 2 35215
1 4 33219
1 8 32233
1 16 31565
1 32 31213
1 64 31037
1 128 31030
1 256 30904
1 512 30896
2 1 20375
2 2 18146
2 4 17123
2 8 16637
2 16 16240
2 32 16047
2 64 15936
2 128 15939
2 256 15868
2 512 15839
4 1 10489
4 2 9364
4 4 8842
4 8 8532
4 16 8369
4 32 8252
4 64 8205
4 128 8181
4 256 8163
4 512 8148
8 1 5379
8 2 4834
8 4 4570
8 8 4449
8 16 4342
8 32 4295
8 64 4267
8 128 4257
8 256 4244
8 512 4246
16 1 3083
16 2 2739
16 4 2562
16 8 2449
16 16 2393
16 32 2360
16 64 2345
16 128 2337
16 256 2333
16 512 2331
32 1 1831
32 2 1647
32 4 1544
32 8 1495
32 16 1471
32 32 1458
32 64 1452
32 128 1449
32 256 1449
32 512 1449
64 1 1236
64 2 1154
64 4 1113
64 8 1094
64 16 1084
64 32 1078
64 64 1076
64 128 1075
64 256 1074
64 512 1075
128 1 931
128 2 896
128 4 879
128 8 871
128 16 867
128 32 864
128 64 862
128 128 862
128 256 861
128 512 861
256 1 728
256 2 709
256 4 699
256 8 695
256 16 692
256 32 691
256 64 692
256 128 690
256 256 689
256 512 689
512 1 575
512 2 567
512 4 563
512 8 561
512 16 560
512 32 559
512 64 559
512 128 558
512 256 558
512 512 558
