
Naive conv2d
naive conv2d exec time: 919 microseconds.

Coordinate Descent:
Starting position: (1, 1) with performance: 16890 ms
tile size (x, y): (2, 2) with performance: 6878 ms
tile size (x, y): (4, 2) with performance: 5164 ms
tile size (x, y): (4, 4) with performance: 4115 ms
tile size (x, y): (4, 8) with performance: 3712 ms
tile size (x, y): (4, 16) with performance: 3619 ms
tile size (x, y): (4, 32) with performance: 3443 ms
tile size (x, y): (4, 64) with performance: 3387 ms
tile size (x, y): (4, 64) with performance: 3377 ms
tile size (x, y): (4, 64) with performance: 3370 ms
tile size (x, y): (4, 64) with performance: 3364 ms
coordinate search took 309102 microseconds to converge.
Converged to: (4, 64) with performance: 3364 microseconds

Exhaustive search:
1 1 16794
1 2 10420
1 4 7917
1 8 5612
1 16 4842
1 32 4334
1 64 4140
1 128 4087
1 256 4070
1 512 4135
2 1 10261
2 2 7067
2 4 5303
2 8 4474
2 16 4155
2 32 3885
2 64 3769
2 128 3785
2 256 3774
2 512 3717
4 1 7240
4 2 5131
4 4 4115
4 8 3700
4 16 3551
4 32 3447
4 64 3422
4 128 3393
4 256 3374
4 512 3415
8 1 6505
8 2 4897
8 4 3971
8 8 3663
8 16 3564
8 32 3404
8 64 3392
8 128 3404
8 256 3389
8 512 3387
16 1 6632
16 2 4836
16 4 4010
16 8 3715
16 16 3596
16 32 3403
16 64 3358
16 128 3401
16 256 3401
16 512 3392
32 1 6697
32 2 4859
32 4 4052
32 8 3711
32 16 3627
32 32 3408
32 64 3362
32 128 3406
32 256 3399
32 512 3398
64 1 7510
64 2 5699
64 4 4658
64 8 4034
64 16 3842
64 32 3575
64 64 3547
64 128 3615
64 256 3405
64 512 3397
128 1 7589
128 2 5685
128 4 4742
128 8 4437
128 16 4516
128 32 3958
128 64 3790
128 128 3788
128 256 3559
128 512 3425
256 1 7642
256 2 5723
256 4 4699
256 8 4438
256 16 4572
256 32 4131
256 64 3921
256 128 3753
256 256 3581
256 512 3427
512 1 9010
512 2 6270
512 4 4811
512 8 4550
512 16 4609
512 32 4039
512 64 3812
512 128 3849
512 256 3591
512 512 3457
exhaustive search took 459326 microseconds to converge.
Converged to: (16, 64) with performance: 3358ms
