
Naive conv2d
naive conv2d exec time: 68222 microseconds.

Coordinate Descent:
Starting position: (1, 1) with performance: 133211 ms
tile size (x, y): (4, 1) with performance: 95660 ms
tile size (x, y): (4, 2) with performance: 88933 ms
tile size (x, y): (4, 4) with performance: 84969 ms
tile size (x, y): (4, 8) with performance: 77945 ms
tile size (x, y): (4, 16) with performance: 74936 ms
tile size (x, y): (4, 16) with performance: 73974 ms
coordinate search took 3404886 microseconds to converge.
Converged to: (4, 16) with performance: 73974 microseconds

Exhaustive search:
1 1 132955
1 2 119370
1 4 103708
1 8 101894
1 16 96529
1 32 92006
1 64 88916
1 128 89421
1 256 91317
1 512 90378
2 1 114900
2 2 102792
2 4 94445
2 8 84796
2 16 81256
2 32 85005
2 64 86027
2 128 82742
2 256 79929
2 512 80710
4 1 98021
4 2 87526
4 4 82760
4 8 82338
4 16 79760
4 32 76522
4 64 75310
4 128 74912
4 256 74932
4 512 76325
8 1 95959
8 2 85775
8 4 82933
8 8 80671
8 16 79225
8 32 78536
8 64 77376
8 128 75791
8 256 77402
8 512 76740
16 1 96586
16 2 87721
16 4 83708
16 8 78423
16 16 77686
16 32 76848
16 64 76409
16 128 77603
16 256 78147
16 512 78153
32 1 93512
32 2 85170
32 4 82521
32 8 79058
32 16 78382
32 32 78953
32 64 79068
32 128 79281
32 256 78945
32 512 78780
64 1 95454
64 2 87389
64 4 85572
64 8 82048
64 16 80901
64 32 79981
64 64 80697
64 128 80885
64 256 78543
64 512 78738
128 1 94795
128 2 87511
128 4 85974
128 8 85017
128 16 82388
128 32 78870
128 64 76735
128 128 76029
128 256 77199
128 512 77883
256 1 93424
256 2 84518
256 4 83058
256 8 80993
256 16 78752
256 32 79005
256 64 78908
256 128 78328
256 256 77747
256 512 77620
512 1 95206
512 2 86743
512 4 86114
512 8 83679
512 16 81337
512 32 81682
512 64 81249
512 128 80937
512 256 80026
512 512 78392
exhaustive search took 8443354 microseconds to converge.
Converged to: (4, 128) with performance: 74912 ms
