Starting position: (1, 1) with performance: 936 ms
tile size (x, y): (1, 4) with performance: 174 ms
tile size (x, y): (1, 8) with performance: 87 ms
tile size (x, y): (1, 16) with performance: 59 ms
tile size (x, y): (2, 16) with performance: 46 ms
tile size (x, y): (2, 32) with performance: 41 ms
tile size (x, y): (4, 32) with performance: 39 ms
coordinate search took 7786362 microseconds to converge.
Coordinate Descent result: (4, 32) with performance: 39 ms
1 1 955
1 2 604
1 4 168
1 8 88
1 16 60
1 32 59
1 64 48
1 128 46
1 256 46
1 512 46
2 1 719
2 2 530
2 4 127
2 8 66
2 16 46
2 32 41
2 64 41
2 128 40
2 256 48
2 512 44
4 1 588
4 2 510
4 4 109
4 8 55
4 16 41
4 32 47
4 64 39
4 128 39
4 256 41
4 512 47
8 1 565
8 2 502
8 4 105
8 8 68
8 16 50
8 32 44
8 64 48
8 128 60
8 256 68
8 512 60
16 1 568
16 2 531
16 4 172
16 8 128
16 16 130
16 32 93
16 64 89
16 128 77
16 256 68
16 512 60
32 1 611
32 2 568
32 4 123
32 8 76
32 16 67
32 32 128
32 64 84
32 128 72
32 256 67
32 512 59
64 1 580
64 2 513
64 4 145
64 8 135
64 16 153
64 32 98
64 64 82
64 128 70
64 256 66
64 512 57
128 1 592
128 2 506
128 4 127
128 8 106
128 16 148
128 32 97
128 64 82
128 128 64
128 256 60
128 512 56
256 1 604
256 2 507
256 4 124
256 8 83
256 16 140
256 32 102
256 64 81
256 128 62
256 256 58
256 512 56
512 1 789
512 2 515
512 4 126
512 8 82
512 16 146
512 32 104
512 64 79
512 128 61
512 256 58
512 512 64
Exhaustive search took 18306227 microseconds to converge.
Exhaustive Search result: (4, 64) with performance: 39 ms
