1 1 1 29869
1 1 2 21556
1 1 4 17395
1 1 8 15347
1 1 16 14398
1 1 32 13850
1 1 64 13595
1 1 128 13446
1 1 256 13378
1 1 512 13345
1 2 1 16405
1 2 2 12270
1 2 4 10557
1 2 8 9645
1 2 16 9120
1 2 32 8840
1 2 64 8683
1 2 128 8670
1 2 256 8626
1 2 512 8828
1 4 1 9909
1 4 2 8887
1 4 4 8019
1 4 8 7760
1 4 16 7462
1 4 32 7548
1 4 64 7466
1 4 128 7368
1 4 256 7324
1 4 512 7039
1 8 1 8345
1 8 2 7618
1 8 4 7024
1 8 8 7004
1 8 16 6760
1 8 32 6790
1 8 64 6657
1 8 128 6863
1 8 256 6723
1 8 512 6633
1 16 1 7537
1 16 2 6928
1 16 4 6760
1 16 8 6492
1 16 16 6627
1 16 32 6505
1 16 64 6623
1 16 128 6415
1 16 256 6466
1 16 512 6473
1 32 1 6674
1 32 2 6534
1 32 4 6337
1 32 8 6155
1 32 16 6174
1 32 32 6109
1 32 64 6178
1 32 128 6334
1 32 256 6213
1 32 512 6359
1 64 1 6578
1 64 2 5853
1 64 4 6170
1 64 8 5855
1 64 16 6160
1 64 32 6087
1 64 64 5731
1 64 128 5853
1 64 256 6019
1 64 512 6231
1 128 1 6081
1 128 2 5729
1 128 4 5699
1 128 8 5742
1 128 16 6046
1 128 32 6062
1 128 64 6232
1 128 128 5823
1 128 256 5890
1 128 512 5739
1 256 1 6139
1 256 2 5772
1 256 4 5838
1 256 8 5948
1 256 16 6030
1 256 32 5927
1 256 64 5886
1 256 128 5693
1 256 256 5632
1 256 512 5618
1 512 1 6207
1 512 2 5698
1 512 4 6035
1 512 8 5866
1 512 16 6105
1 512 32 5890
1 512 64 5643
1 512 128 6362
1 512 256 6306
1 512 512 6232
2 1 1 26385
2 1 2 19788
2 1 4 16496
2 1 8 14796
2 1 16 13984
2 1 32 13570
2 1 64 13361
2 1 128 13251
2 1 256 13195
2 1 512 13176
2 2 1 14620
2 2 2 11359
2 2 4 9879
2 2 8 9642
2 2 16 9078
2 2 32 8945
2 2 64 8653
2 2 128 8613
2 2 256 8620
2 2 512 8597
2 4 1 9564
2 4 2 8316
2 4 4 7975
2 4 8 7170
2 4 16 6917
2 4 32 6854
2 4 64 6760
2 4 128 6629
2 4 256 6714
2 4 512 6523
2 8 1 7652
2 8 2 7303
2 8 4 6585
2 8 8 6382
2 8 16 6426
2 8 32 6175
2 8 64 6374
2 8 128 6394
2 8 256 6398
2 8 512 6394
2 16 1 7151
2 16 2 6724
2 16 4 6414
2 16 8 6225
2 16 16 6224
2 16 32 6142
2 16 64 6144
2 16 128 6230
2 16 256 6233
2 16 512 6304
2 32 1 6622
2 32 2 6050
2 32 4 5906
2 32 8 5839
2 32 16 5835
2 32 32 5813
2 32 64 5829
2 32 128 5919
2 32 256 5778
2 32 512 5995
2 64 1 6189
2 64 2 5871
2 64 4 5722
2 64 8 5628
2 64 16 5684
2 64 32 5677
2 64 64 5748
2 64 128 5767
2 64 256 5665
2 64 512 5911
2 128 1 6166
2 128 2 5660
2 128 4 5600
2 128 8 5564
2 128 16 5568
2 128 32 5598
2 128 64 5575
2 128 128 5619
2 128 256 5671
2 128 512 5761
2 256 1 6087
2 256 2 5588
2 256 4 5534
2 256 8 5487
2 256 16 5614
2 256 32 5602
2 256 64 5538
2 256 128 5643
2 256 256 5595
2 256 512 5848
2 512 1 5618
2 512 2 5521
2 512 4 5611
2 512 8 5844
2 512 16 5735
2 512 32 5524
2 512 64 5683
2 512 128 5536
2 512 256 5617
2 512 512 5813
4 1 1 24689
4 1 2 18878
4 1 4 16110
4 1 8 14563
4 1 16 13802
4 1 32 13432
4 1 64 13247
4 1 128 13152
4 1 256 13105
4 1 512 13087
4 2 1 13784
4 2 2 11023
4 2 4 9588
4 2 8 9112
4 2 16 8727
4 2 32 8513
4 2 64 8408
4 2 128 8333
4 2 256 8344
4 2 512 8304
4 4 1 9333
4 4 2 8228
4 4 4 7719
4 4 8 7269
4 4 16 6997
4 4 32 6874
4 4 64 6773
4 4 128 6820
4 4 256 6873
4 4 512 6812
4 8 1 7538
4 8 2 6929
4 8 4 6691
4 8 8 6328
4 8 16 6586
4 8 32 6579
4 8 64 6367
4 8 128 6066
4 8 256 6238
4 8 512 6123
4 16 1 7053
4 16 2 6638
4 16 4 6340
4 16 8 6241
4 16 16 6286
4 16 32 6217
4 16 64 6181
4 16 128 6210
4 16 256 6207
4 16 512 6232
4 32 1 6379
4 32 2 6027
4 32 4 5893
4 32 8 5892
4 32 16 5835
4 32 32 5851
4 32 64 5785
4 32 128 5905
4 32 256 5923
4 32 512 6191
4 64 1 5887
4 64 2 5834
4 64 4 5704
4 64 8 5677
4 64 16 5738
4 64 32 5652
4 64 64 5659
4 64 128 5797
4 64 256 5932
4 64 512 5935
4 128 1 6168
4 128 2 5640
4 128 4 5573
4 128 8 5699
4 128 16 5577
4 128 32 5603
4 128 64 5695
4 128 128 5554
4 128 256 5880
4 128 512 5887
4 256 1 6054
4 256 2 5642
4 256 4 5532
4 256 8 5541
4 256 16 5551
4 256 32 5654
4 256 64 5592
4 256 128 5674
4 256 256 5919
4 256 512 5714
4 512 1 5583
4 512 2 5490
4 512 4 5945
4 512 8 5542
4 512 16 5515
4 512 32 5898
4 512 64 5960
4 512 128 5807
4 512 256 5765
4 512 512 5873
8 1 1 24074
8 1 2 18499
8 1 4 15784
8 1 8 14381
8 1 16 13700
8 1 32 13358
8 1 64 13190
8 1 128 13101
8 1 256 13056
8 1 512 13039
8 2 1 13460
8 2 2 10730
8 2 4 9395
8 2 8 8867
8 2 16 8486
8 2 32 8311
8 2 64 8245
8 2 128 8236
8 2 256 8139
8 2 512 8151
8 4 1 8899
8 4 2 8307
8 4 4 7530
8 4 8 7116
8 4 16 7005
8 4 32 7047
8 4 64 6970
8 4 128 6717
8 4 256 6963
8 4 512 6960
8 8 1 7493
8 8 2 7336
8 8 4 6553
8 8 8 6205
8 8 16 6710
8 8 32 6389
8 8 64 6144
8 8 128 6380
8 8 256 6467
8 8 512 6325
8 16 1 6733
8 16 2 6587
8 16 4 6317
8 16 8 6180
8 16 16 6338
8 16 32 6208
8 16 64 6224
8 16 128 6248
8 16 256 6227
8 16 512 6327
8 32 1 6259
8 32 2 6214
8 32 4 6042
8 32 8 5879
8 32 16 5799
8 32 32 5790
8 32 64 6203
8 32 128 5906
8 32 256 6031
8 32 512 6098
8 64 1 6012
8 64 2 5748
8 64 4 5690
8 64 8 5818
8 64 16 5702
8 64 32 5679
8 64 64 5789
8 64 128 5899
8 64 256 5792
8 64 512 5895
8 128 1 6313
8 128 2 5778
8 128 4 5686
8 128 8 5536
8 128 16 5790
8 128 32 5665
8 128 64 5625
8 128 128 5782
8 128 256 5745
8 128 512 5828
8 256 1 6177
8 256 2 5552
8 256 4 5626
8 256 8 5603
8 256 16 5798
8 256 32 6457
8 256 64 5672
8 256 128 5837
8 256 256 5554
8 256 512 5835
8 512 1 6091
8 512 2 5971
8 512 4 5806
8 512 8 5730
8 512 16 5669
8 512 32 5662
8 512 64 6083
8 512 128 6119
8 512 256 5594
8 512 512 5752
16 1 1 23536
16 1 2 18241
16 1 4 15622
16 1 8 14297
16 1 16 13651
16 1 32 13329
16 1 64 13163
16 1 128 13078
16 1 256 13032
16 1 512 13019
16 2 1 13196
16 2 2 10589
16 2 4 9311
16 2 8 8717
16 2 16 8408
16 2 32 8241
16 2 64 8171
16 2 128 8104
16 2 256 8080
16 2 512 8194
16 4 1 8740
16 4 2 8082
16 4 4 7562
16 4 8 7041
16 4 16 7100
16 4 32 6838
16 4 64 7007
16 4 128 6999
16 4 256 7021
16 4 512 6845
16 8 1 7358
16 8 2 6899
16 8 4 6663
16 8 8 6327
16 8 16 6577
16 8 32 6370
16 8 64 6221
16 8 128 6330
16 8 256 6293
16 8 512 6353
16 16 1 6965
16 16 2 6588
16 16 4 6389
16 16 8 6339
16 16 16 6221
16 16 32 6259
16 16 64 6202
16 16 128 6259
16 16 256 6350
16 16 512 6280
16 32 1 6484
16 32 2 6011
16 32 4 5927
16 32 8 5878
16 32 16 6038
16 32 32 5900
16 32 64 5903
16 32 128 6026
16 32 256 6389
16 32 512 6180
16 64 1 5964
16 64 2 5930
16 64 4 5732
16 64 8 5730
16 64 16 5805
16 64 32 5666
16 64 64 5853
16 64 128 5802
16 64 256 5732
16 64 512 6234
16 128 1 6144
16 128 2 5785
16 128 4 5631
16 128 8 5780
16 128 16 5636
16 128 32 5950
16 128 64 5929
16 128 128 5958
16 128 256 5629
16 128 512 6249
16 256 1 5937
16 256 2 5681
16 256 4 5708
16 256 8 5687
16 256 16 5736
16 256 32 5822
16 256 64 5964
16 256 128 6062
16 256 256 5568
16 256 512 5818
16 512 1 5784
16 512 2 5900
16 512 4 5863
16 512 8 6014
16 512 16 6016
16 512 32 5919
16 512 64 5847
16 512 128 5809
16 512 256 6620
16 512 512 5940
32 1 1 23268
32 1 2 18104
32 1 4 15538
32 1 8 14252
32 1 16 13637
32 1 32 13310
32 1 64 13147
32 1 128 13064
32 1 256 13020
32 1 512 13007
32 2 1 13073
32 2 2 10525
32 2 4 9274
32 2 8 8717
32 2 16 8392
32 2 32 8203
32 2 64 8154
32 2 128 8122
32 2 256 8094
32 2 512 8137
32 4 1 8653
32 4 2 8024
32 4 4 7584
32 4 8 7121
32 4 16 6795
32 4 32 6850
32 4 64 6817
32 4 128 6761
32 4 256 7123
32 4 512 7043
32 8 1 7297
32 8 2 7281
32 8 4 6612
32 8 8 6234
32 8 16 6354
32 8 32 6217
32 8 64 6303
32 8 128 6407
32 8 256 6496
32 8 512 6731
32 16 1 6871
32 16 2 6611
32 16 4 6398
32 16 8 6315
32 16 16 6200
32 16 32 6202
32 16 64 6327
32 16 128 6326
32 16 256 6607
32 16 512 6524
32 32 1 6407
32 32 2 6168
32 32 4 5963
32 32 8 6063
32 32 16 6083
32 32 32 5948
32 32 64 6090
32 32 128 6035
32 32 256 6019
32 32 512 6718
32 64 1 6542
32 64 2 5745
32 64 4 5711
32 64 8 5748
32 64 16 5661
32 64 32 5668
32 64 64 5995
32 64 128 5873
32 64 256 6186
32 64 512 6136
32 128 1 6069
32 128 2 5636
32 128 4 5639
32 128 8 5557
32 128 16 5823
32 128 32 5790
32 128 64 5852
32 128 128 6023
32 128 256 5887
32 128 512 6079
32 256 1 6277
32 256 2 5571
32 256 4 5697
32 256 8 5826
32 256 16 5761
32 256 32 6088
32 256 64 5764
32 256 128 5743
32 256 256 5674
32 256 512 6298
32 512 1 6046
32 512 2 6175
32 512 4 5871
32 512 8 5877
32 512 16 6027
32 512 32 6293
32 512 64 6135
32 512 128 5920
32 512 256 6123
32 512 512 5823
64 1 1 23162
64 1 2 18052
64 1 4 15502
64 1 8 14226
64 1 16 13639
64 1 32 13311
64 1 64 13142
64 1 128 13060
64 1 256 13013
64 1 512 12998
64 2 1 13021
64 2 2 10499
64 2 4 9283
64 2 8 8693
64 2 16 8350
64 2 32 8267
64 2 64 8162
64 2 128 8093
64 2 256 8160
64 2 512 8155
64 4 1 8663
64 4 2 8100
64 4 4 7531
64 4 8 6945
64 4 16 6876
64 4 32 6827
64 4 64 7024
64 4 128 6672
64 4 256 6846
64 4 512 7159
64 8 1 7558
64 8 2 7106
64 8 4 6655
64 8 8 6321
64 8 16 6369
64 8 32 6351
64 8 64 6307
64 8 128 6376
64 8 256 6516
64 8 512 6516
64 16 1 6990
64 16 2 6761
64 16 4 6444
64 16 8 6249
64 16 16 6347
64 16 32 6281
64 16 64 6284
64 16 128 6384
64 16 256 6580
64 16 512 6842
64 32 1 6513
64 32 2 5957
64 32 4 6068
64 32 8 6162
64 32 16 6155
64 32 32 6142
64 32 64 6019
64 32 128 6391
64 32 256 6563
64 32 512 5918
64 64 1 6299
64 64 2 5853
64 64 4 6068
64 64 8 5769
64 64 16 5656
64 64 32 5832
64 64 64 5980
64 64 128 6098
64 64 256 6296
64 64 512 6389
64 128 1 5738
64 128 2 5799
64 128 4 5548
64 128 8 6042
64 128 16 6041
64 128 32 5599
64 128 64 6296
64 128 128 5644
64 128 256 5756
64 128 512 5699
64 256 1 5637
64 256 2 6003
64 256 4 5618
64 256 8 5762
64 256 16 5651
64 256 32 6426
64 256 64 6061
64 256 128 6285
64 256 256 5661
64 256 512 6142
64 512 1 6051
64 512 2 6022
64 512 4 6144
64 512 8 6335
64 512 16 6033
64 512 32 6199
64 512 64 5961
64 512 128 5742
64 512 256 5722
64 512 512 6232
128 1 1 23072
128 1 2 18013
128 1 4 15485
128 1 8 14228
128 1 16 13696
128 1 32 13348
128 1 64 13162
128 1 128 13073
128 1 256 13012
128 1 512 12996
128 2 1 13001
128 2 2 10491
128 2 4 9259
128 2 8 8744
128 2 16 8516
128 2 32 8339
128 2 64 8178
128 2 128 8268
128 2 256 8365
128 2 512 8193
128 4 1 8753
128 4 2 8099
128 4 4 7661
128 4 8 6996
128 4 16 7041
128 4 32 6824
128 4 64 6878
128 4 128 7184
128 4 256 7187
128 4 512 7257
128 8 1 7482
128 8 2 7163
128 8 4 6539
128 8 8 6344
128 8 16 6441
128 8 32 6394
128 8 64 6456
128 8 128 6746
128 8 256 6605
128 8 512 6894
128 16 1 6704
128 16 2 6531
128 16 4 6448
128 16 8 6478
128 16 16 6511
128 16 32 6493
128 16 64 6502
128 16 128 6592
128 16 256 6507
128 16 512 6808
128 32 1 6615
128 32 2 6248
128 32 4 6309
128 32 8 6010
128 32 16 5944
128 32 32 5860
128 32 64 6340
128 32 128 6065
128 32 256 6061
128 32 512 6466
128 64 1 6340
128 64 2 6021
128 64 4 5806
128 64 8 6027
128 64 16 5668
128 64 32 5970
128 64 64 5755
128 64 128 6077
128 64 256 6038
128 64 512 6536
128 128 1 5826
128 128 2 5937
128 128 4 5670
128 128 8 6090
128 128 16 5790
128 128 32 5928
128 128 64 5609
128 128 128 5999
128 128 256 6225
128 128 512 6056
128 256 1 6008
128 256 2 5909
128 256 4 5805
128 256 8 6148
128 256 16 6083
128 256 32 6083
128 256 64 6131
128 256 128 6399
128 256 256 5778
128 256 512 6061
128 512 1 6007
128 512 2 5908
128 512 4 6511
128 512 8 5681
128 512 16 6130
128 512 32 6521
128 512 64 6388
128 512 128 6288
128 512 256 6269
128 512 512 6181
256 1 1 23071
256 1 2 18037
256 1 4 15527
256 1 8 14248
256 1 16 13724
256 1 32 13353
256 1 64 13183
256 1 128 13064
256 1 256 13011
256 1 512 12999
256 2 1 13058
256 2 2 10505
256 2 4 9317
256 2 8 8920
256 2 16 8518
256 2 32 8273
256 2 64 8193
256 2 128 8278
256 2 256 8159
256 2 512 8333
256 4 1 8809
256 4 2 7822
256 4 4 7479
256 4 8 6996
256 4 16 6844
256 4 32 6918
256 4 64 6749
256 4 128 6891
256 4 256 6975
256 4 512 7068
256 8 1 7631
256 8 2 7324
256 8 4 6879
256 8 8 6441
256 8 16 6398
256 8 32 6405
256 8 64 6823
256 8 128 6553
256 8 256 6713
256 8 512 6659
256 16 1 6883
256 16 2 6622
256 16 4 6626
256 16 8 6394
256 16 16 6553
256 16 32 6549
256 16 64 6565
256 16 128 6732
256 16 256 6921
256 16 512 6700
256 32 1 6758
256 32 2 6391
256 32 4 6012
256 32 8 6074
256 32 16 6163
256 32 32 6013
256 32 64 6149
256 32 128 6175
256 32 256 6320
256 32 512 6317
256 64 1 6261
256 64 2 5812
256 64 4 5770
256 64 8 5985
256 64 16 6018
256 64 32 6101
256 64 64 6180
256 64 128 6296
256 64 256 5809
256 64 512 5782
256 128 1 6474
256 128 2 5676
256 128 4 5545
256 128 8 5673
256 128 16 6096
256 128 32 6002
256 128 64 5635
256 128 128 6169
256 128 256 6136
256 128 512 6691
256 256 1 5678
256 256 2 5556
256 256 4 5719
256 256 8 5580
256 256 16 5867
256 256 32 5855
256 256 64 5892
256 256 128 6195
256 256 256 5806
256 256 512 5650
256 512 1 6215
256 512 2 5801
256 512 4 5961
256 512 8 5778
256 512 16 6138
256 512 32 5798
256 512 64 5690
256 512 128 6024
256 512 256 6551
256 512 512 5754
512 1 1 23152
512 1 2 18232
512 1 4 15544
512 1 8 14252
512 1 16 13805
512 1 32 13407
512 1 64 13240
512 1 128 13098
512 1 256 13033
512 1 512 13009
512 2 1 13137
512 2 2 10767
512 2 4 9329
512 2 8 9047
512 2 16 8730
512 2 32 8330
512 2 64 8278
512 2 128 8370
512 2 256 8211
512 2 512 8287
512 4 1 8837
512 4 2 8339
512 4 4 7706
512 4 8 7230
512 4 16 7576
512 4 32 7035
512 4 64 6904
512 4 128 7081
512 4 256 7378
512 4 512 7114
512 8 1 7513
512 8 2 7096
512 8 4 6588
512 8 8 6528
512 8 16 6495
512 8 32 6479
512 8 64 6714
512 8 128 6442
512 8 256 6656
512 8 512 6983
512 16 1 7512
512 16 2 6948
512 16 4 6495
512 16 8 6501
512 16 16 6424
512 16 32 6843
512 16 64 6616
512 16 128 6452
512 16 256 6777
512 16 512 7235
512 32 1 6278
512 32 2 6520
512 32 4 6420
512 32 8 6130
512 32 16 6133
512 32 32 6091
512 32 64 6083
512 32 128 6198
512 32 256 6370
512 32 512 5999
512 64 1 6073
512 64 2 6227
512 64 4 6188
512 64 8 5922
512 64 16 6344
512 64 32 6295
512 64 64 6193
512 64 128 6141
512 64 256 6194
512 64 512 6124
512 128 1 5849
512 128 2 6274
512 128 4 5680
512 128 8 6036
512 128 16 5943
512 128 32 5731
512 128 64 5806
512 128 128 6536
512 128 256 6346
512 128 512 6037
512 256 1 5936
512 256 2 6025
512 256 4 6169
512 256 8 5919
512 256 16 6111
512 256 32 5863
512 256 64 5873
512 256 128 6575
512 256 256 6216
512 256 512 6632
512 512 1 5708
512 512 2 5858
512 512 4 6083
512 512 8 6340
512 512 16 5865
512 512 32 6038
512 512 64 5677
512 512 128 6201
512 512 256 5940
512 512 512 6383