
Coordinate Descent:
Starting position: (1, 1, 1, 1) with performance: 3420557 ms
Neighbor size: 8
Neighbor size: 10
tile size (t1, t2, t3, t4): (1, 1, 1, 16) with performance: 3142533 ms
Neighbor size: 10
tile size (t1, t2, t3, t4): (1, 1, 1, 32) with performance: 3128865 ms
Neighbor size: 10
tile size (t1, t2, t3, t4): (1, 1, 1, 128) with performance: 3120870 ms
Neighbor size: 10
tile size (t1, t2, t3, t4): (1, 1, 1, 512) with performance: 3120749 ms
Neighbor size: 8
coordinate search took 200298780 microseconds to converge.
Converged to: (1, 1, 1, 512) with performance: 3120749 microseconds

Exhaustive search:
1 1 1 1 3426039
1 1 1 2 3294225
1 1 1 4 3211089
1 1 1 8 3164733
1 1 1 16 3142191
1 1 1 32 3130820
1 1 1 64 3131365
1 1 1 128 3122516
1 1 1 256 3122996
1 1 1 512 3122384
1 1 2 1 3335075
1 1 2 2 3233222
1 1 2 4 3178493
1 1 2 8 3150530
1 1 2 16 3138417
1 1 2 32 3128817
1 1 2 64 3133500
1 1 2 128 3128646
1 1 2 256 3127500
1 1 2 512 3127264
1 1 4 1 3283952
1 1 4 2 3205075
1 1 4 4 3162725
1 1 4 8 3142131
1 1 4 16 3139137
1 1 4 32 3131331
1 1 4 64 3133079
1 1 4 128 3123866
1 1 4 256 3123831
1 1 4 512 3124994
1 1 8 1 3296303
1 1 8 2 3202196
1 1 8 4 3159678
1 1 8 8 3147416
1 1 8 16 3135007
1 1 8 32 3127719
1 1 8 64 3129443
1 1 8 128 3122081
1 1 8 256 3122531
1 1 8 512 3121693
1 1 16 1 3295108
1 1 16 2 3210014
1 1 16 4 3164733
1 1 16 8 3141588
1 1 16 16 3132243
1 1 16 32 3125277
1 1 16 64 3127963
1 1 16 128 3121905
1 1 16 256 3120946
1 1 16 512 3121152
1 1 32 1 3284593
1 1 32 2 3204985
1 1 32 4 3161917
1 1 32 8 3138829
1 1 32 16 3131343
1 1 32 32 3124419
1 1 32 64 3127566
1 1 32 128 3121457
1 1 32 256 3120657
1 1 32 512 3120279
1 1 64 1 3287104
1 1 64 2 3199941
1 1 64 4 3159010
1 1 64 8 3137869
1 1 64 16 3129350
1 1 64 32 3339792
1 1 64 64 3430211
1 1 64 128 3106199
1 1 64 256 3106133
1 1 64 512 3106334
1 1 128 1 3286088
1 1 128 2 3217033
1 1 128 4 3180479
1 1 128 8 3152021
1 1 128 16 3119170
1 1 128 32 3112990
1 1 128 64 3115501
1 1 128 128 3105615
1 1 128 256 3107490
1 1 128 512 3105953
1 1 256 1 3285890
1 1 256 2 3216237
1 1 256 4 3177284
1 1 256 8 3151263
1 1 256 16 3120217
1 1 256 32 3112512
1 1 256 64 3115321
1 1 256 128 3105720
1 1 256 256 3105496
1 1 256 512 3106316
1 1 512 1 3287459
1 1 512 2 3216049
1 1 512 4 3178090
1 1 512 8 3150919
1 1 512 16 3118926
1 1 512 32 3112708
1 1 512 64 3116957
1 1 512 128 3105728
1 1 512 256 3105583
1 1 512 512 3105890
1 2 1 1 3338484
1 2 1 2 3237096
1 2 1 4 3179327
1 2 1 8 3143389
1 2 1 16 3125065
1 2 1 32 3116472
1 2 1 64 3121071
1 2 1 128 3115839
1 2 1 256 3117744
1 2 1 512 3116472
1 2 2 1 3283173
1 2 2 2 3206259
1 2 2 4 3159803
1 2 2 8 3136164
1 2 2 16 3125318
1 2 2 32 3123025
1 2 2 64 3126081
1 2 2 128 3117204
1 2 2 256 3117440
1 2 2 512 3116989
1 2 4 1 3247531
1 2 4 2 3179935
1 2 4 4 3143186
1 2 4 8 3126285
1 2 4 16 3128153
1 2 4 32 3118685
1 2 4 64 3121050
1 2 4 128 3110367
1 2 4 256 3110221
1 2 4 512 3110349
1 2 8 1 3279357
1 2 8 2 3184710
1 2 8 4 3145206
1 2 8 8 3135815
1 2 8 16 3122119
1 2 8 32 3115274
1 2 8 64 3117043
1 2 8 128 3108994
1 2 8 256 3110763
1 2 8 512 3109362
1 2 16 1 3277773
1 2 16 2 3196106
1 2 16 4 3155321
1 2 16 8 3131359
1 2 16 16 3122665
1 2 16 32 3114675
1 2 16 64 3117352
1 2 16 128 3109521
1 2 16 256 3110551
1 2 16 512 3109905
1 2 32 1 3275250
1 2 32 2 3199228
1 2 32 4 3153966
1 2 32 8 3130810
1 2 32 16 3122007
1 2 32 32 3116136
1 2 32 64 3120118
1 2 32 128 3109054
1 2 32 256 3109169
1 2 32 512 3109438
1 2 64 1 3282212
1 2 64 2 3197757
1 2 64 4 3154289
1 2 64 8 3128875
1 2 64 16 3120146
1 2 64 32 3114620
1 2 64 64 3118556
1 2 64 128 3109106
1 2 64 256 3110894
1 2 64 512 3109162
1 2 128 1 3286955
1 2 128 2 3196845
1 2 128 4 3156609
1 2 128 8 3131630
1 2 128 16 3123917
1 2 128 32 3115915
1 2 128 64 3118868
1 2 128 128 3108082
1 2 128 256 3108325
1 2 128 512 3108186
1 2 256 1 3288558
1 2 256 2 3196516
1 2 256 4 3155859
1 2 256 8 3131495
1 2 256 16 3122291
1 2 256 32 3115585
1 2 256 64 3122584
1 2 256 128 3107867
1 2 256 256 3108338
1 2 256 512 3107929
1 2 512 1 3287935
1 2 512 2 3196286
1 2 512 4 3157030
1 2 512 8 3131351
1 2 512 16 3122505
1 2 512 32 3115747
1 2 512 64 3118759
1 2 512 128 3108457
1 2 512 256 3108278
1 2 512 512 3109761
1 4 1 1 3293441
1 4 1 2 3212380
1 4 1 4 3163438
1 4 1 8 3138495
1 4 1 16 3136782
1 4 1 32 3123243
1 4 1 64 3123419
1 4 1 128 3115064
1 4 1 256 3114663
1 4 1 512 3114463
1 4 2 1 3255195
1 4 2 2 3189237
1 4 2 4 3152887
1 4 2 8 3141688
1 4 2 16 3126608
1 4 2 32 3119642
1 4 2 64 3125401
1 4 2 128 3116531
1 4 2 256 3116310
1 4 2 512 3116011
1 4 4 1 3238516
1 4 4 2 3176577
1 4 4 4 3152562
1 4 4 8 3129688
1 4 4 16 3128679
1 4 4 32 3117718
1 4 4 64 3119518
1 4 4 128 3108965
1 4 4 256 3109079
1 4 4 512 3110711
1 4 8 1 3274341
1 4 8 2 3195036
1 4 8 4 3147493
1 4 8 8 3134448
1 4 8 16 3123544
1 4 8 32 3116016
1 4 8 64 3117225
1 4 8 128 3108762
1 4 8 256 3108537
1 4 8 512 3108656
1 4 16 1 3283875
1 4 16 2 3202839
1 4 16 4 3156015
1 4 16 8 3134053
1 4 16 16 3125351
1 4 16 32 3117194
1 4 16 64 3116836
1 4 16 128 3107761
1 4 16 256 3108555
1 4 16 512 3107765
1 4 32 1 3285624
1 4 32 2 3201737
1 4 32 4 3157560
1 4 32 8 3133571
1 4 32 16 3122475
1 4 32 32 3116598
1 4 32 64 3116701
1 4 32 128 3109468
1 4 32 256 3109447
1 4 32 512 3107341
1 4 64 1 3286997
1 4 64 2 3200142
1 4 64 4 3157224
1 4 64 8 3128241
1 4 64 16 3121846
1 4 64 32 3114869
1 4 64 64 3116734
1 4 64 128 3109597
1 4 64 256 3107313
1 4 64 512 3109529
1 4 128 1 3286096
1 4 128 2 3200517
1 4 128 4 3159688
1 4 128 8 3131943
1 4 128 16 3122922
1 4 128 32 3115742
1 4 128 64 3116831
1 4 128 128 3107071
1 4 128 256 3108817
1 4 128 512 3107006
1 4 256 1 3286203
1 4 256 2 3200576
1 4 256 4 3159608
1 4 256 8 3132442
1 4 256 16 3122942
1 4 256 32 3113962
1 4 256 64 3116833
1 4 256 128 3109002
1 4 256 256 3106932
1 4 256 512 3108873
1 4 512 1 3283940
1 4 512 2 3202614
1 4 512 4 3157654
1 4 512 8 3134235
1 4 512 16 3120789
1 4 512 32 3115491
1 4 512 64 3116585
1 4 512 128 3106320
1 4 512 256 3108629
1 4 512 512 3106678
1 8 1 1 3287878
1 8 1 2 3210057
1 8 1 4 3166221
1 8 1 8 3145900
1 8 1 16 3131525
1 8 1 32 3119642
1 8 1 64 3121266
1 8 1 128 3114978
1 8 1 256 3112793
1 8 1 512 3114876
1 8 2 1 3253466
1 8 2 2 3192508
1 8 2 4 3160854
1 8 2 8 3138401
1 8 2 16 3124153
1 8 2 32 3119437
1 8 2 64 3122363
1 8 2 128 3114563
1 8 2 256 3116791
1 8 2 512 3114649
1 8 4 1 3245173
1 8 4 2 3187470
1 8 4 4 3150248
1 8 4 8 3126988
1 8 4 16 3127797
1 8 4 32 3117101
1 8 4 64 3117719
1 8 4 128 3110224
1 8 4 256 3108385
1 8 4 512 3110181
1 8 8 1 3278593
1 8 8 2 3196800
1 8 8 4 3148919
1 8 8 8 3138049
1 8 8 16 3125321
1 8 8 32 3118701
1 8 8 64 3116571
1 8 8 128 3107060
1 8 8 256 3109856
1 8 8 512 3108119
1 8 16 1 3294360
1 8 16 2 3209656
1 8 16 4 3165856
1 8 16 8 3137237
1 8 16 16 3127077
1 8 16 32 3115376
1 8 16 64 3115655
1 8 16 128 3108183
1 8 16 256 3105750
1 8 16 512 3107881
1 8 32 1 3291543
1 8 32 2 3213632
1 8 32 4 3159489
1 8 32 8 3135390
1 8 32 16 3121502
1 8 32 32 3115437
1 8 32 64 3115114
1 8 32 128 3105725
1 8 32 256 3107793
1 8 32 512 3106180
1 8 64 1 3292973
1 8 64 2 3204713
1 8 64 4 3157214
1 8 64 8 3128963
1 8 64 16 3120608
1 8 64 32 3112009
1 8 64 64 3114884
1 8 64 128 3108228
1 8 64 256 3106437
1 8 64 512 3108443
1 8 128 1 3284374
1 8 128 2 3204462
1 8 128 4 3157564
1 8 128 8 3133483
1 8 128 16 3120470
1 8 128 32 3115855
1 8 128 64 3116691
1 8 128 128 3107681
1 8 128 256 3109711
1 8 128 512 3107023
1 8 256 1 3287023
1 8 256 2 3202215
1 8 256 4 3159966
1 8 256 8 3131372
1 8 256 16 3122932
1 8 256 32 3113658
1 8 256 64 3115909
1 8 256 128 3108929
1 8 256 256 3106644
1 8 256 512 3108897
1 8 512 1 3284256
1 8 512 2 3204189
1 8 512 4 3157577
1 8 512 8 3133353
1 8 512 16 3120522
1 8 512 32 3115683
1 8 512 64 3116008
1 8 512 128 3106797
1 8 512 256 3109258
1 8 512 512 3107142
1 16 1 1 3347679
1 16 1 2 3275111
1 16 1 4 3198833
1 16 1 8 3157173
1 16 1 16 3142186
1 16 1 32 3126634
1 16 1 64 3128073
1 16 1 128 3119891
1 16 1 256 3117143
1 16 1 512 3119226
1 16 2 1 3309053
1 16 2 2 3228769
1 16 2 4 3174097
1 16 2 8 3147079
1 16 2 16 3133986
1 16 2 32 3126786
1 16 2 64 3126960
1 16 2 128 3116869
1 16 2 256 3119240
1 16 2 512 3116389
1 16 4 1 3290518
1 16 4 2 3205499
1 16 4 4 3167742
1 16 4 8 3138747
1 16 4 16 3137017
1 16 4 32 3120907
1 16 4 64 3120091
1 16 4 128 3108041
1 16 4 256 3107876
1 16 4 512 3108205
1 16 8 1 3299360
1 16 8 2 3218158
1 16 8 4 3165504
1 16 8 8 3146732
1 16 8 16 3127335
1 16 8 32 3116635
1 16 8 64 3116866
1 16 8 128 3106760
1 16 8 256 3108994
1 16 8 512 3106607
1 16 16 1 3315327
1 16 16 2 3227576
1 16 16 4 3170175
1 16 16 8 3137808
1 16 16 16 3125097
1 16 16 32 3115045
1 16 16 64 3116963
1 16 16 128 3106193
1 16 16 256 3106103
1 16 16 512 3105954
1 16 32 1 3301933
1 16 32 2 3221375
1 16 32 4 3162491
1 16 32 8 3135136
1 16 32 16 3121938
1 16 32 32 3116221
1 16 32 64 3114788
1 16 32 128 3105512
1 16 32 256 3105813
1 16 32 512 3106069
1 16 64 1 3297495
1 16 64 2 3209685
1 16 64 4 3156020
1 16 64 8 3128800
1 16 64 16 3121255
1 16 64 32 3111881
1 16 64 64 3114164
1 16 64 128 3106070
1 16 64 256 3107868
1 16 64 512 3105808
1 16 128 1 3281380
1 16 128 2 3202593
1 16 128 4 3157831
1 16 128 8 3134055
1 16 128 16 3121602
1 16 128 32 3114029
1 16 128 64 3115882
1 16 128 128 3108923
1 16 128 256 3106985
1 16 128 512 3107030
1 16 256 1 3281258
1 16 256 2 3202457
1 16 256 4 3160001
1 16 256 8 3132328
1 16 256 16 3121284
1 16 256 32 3114248
1 16 256 64 3118418
1 16 256 128 3107109
1 16 256 256 3107173
1 16 256 512 3107282
1 16 512 1 3281592
1 16 512 2 3207198
1 16 512 4 3157616
1 16 512 8 3132507
1 16 512 16 3121421
1 16 512 32 3116407
1 16 512 64 3116031
1 16 512 128 3106811
1 16 512 256 3107097
1 16 512 512 3109456
1 32 1 1 3461647
1 32 1 2 3376303
1 32 1 4 3262156
1 32 1 8 3197404
1 32 1 16 3168654
1 32 1 32 3139797
1 32 1 64 3136356
1 32 1 128 3122192
1 32 1 256 3124651
1 32 1 512 3122630
1 32 2 1 3472400
1 32 2 2 3314151
1 32 2 4 3230757
1 32 2 8 3173612
1 32 2 16 3148831
1 32 2 32 3129850
1 32 2 64 3132541
1 32 2 128 3119494
1 32 2 256 3117464
1 32 2 512 3116795
1 32 4 1 3396654
1 32 4 2 3266855
1 32 4 4 3189692
1 32 4 8 3149924
1 32 4 16 3138498
1 32 4 32 3121999
1 32 4 64 3122679
1 32 4 128 3109710
1 32 4 256 3110285
1 32 4 512 3110849
1 32 8 1 3349956
1 32 8 2 3246134
1 32 8 4 3175014
1 32 8 8 3148677
1 32 8 16 3131435
1 32 8 32 3117603
1 32 8 64 3116482
1 32 8 128 3107489
1 32 8 256 3106988
1 32 8 512 3109565
1 32 16 1 3325507
1 32 16 2 3235899
1 32 16 4 3173054
1 32 16 8 3142174
1 32 16 16 3125765
1 32 16 32 3115353
1 32 16 64 3115218
1 32 16 128 3106360
1 32 16 256 3108232
1 32 16 512 3106144
1 32 32 1 3308564
1 32 32 2 3223425
1 32 32 4 3166398
1 32 32 8 3135148
1 32 32 16 3123096
1 32 32 32 3114513
1 32 32 64 3117239
1 32 32 128 3106184
1 32 32 256 3105921
1 32 32 512 3105834
1 32 64 1 3304278
1 32 64 2 3216149
1 32 64 4 3157891
1 32 64 8 3129559
1 32 64 16 3118953
1 32 64 32 3114338
1 32 64 64 3114898
1 32 64 128 3106600
1 32 64 256 3105751
1 32 64 512 3105679
1 32 128 1 3289251
1 32 128 2 3207065
1 32 128 4 3159501
1 32 128 8 3132967
1 32 128 16 3123708
1 32 128 32 3114834
1 32 128 64 3116065
1 32 128 128 3106862
1 32 128 256 3107328
1 32 128 512 3109289
1 32 256 1 3286924
1 32 256 2 3206946
1 32 256 4 3159321
1 32 256 8 3134656
1 32 256 16 3121477
1 32 256 32 3114726
1 32 256 64 3116206
1 32 256 128 3109025
1 32 256 256 3107422
1 32 256 512 3107307
1 32 512 1 3287403
1 32 512 2 3206841
1 32 512 4 3161550
1 32 512 8 3132627
1 32 512 16 3121604
1 32 512 32 3115049
1 32 512 64 3118563
1 32 512 128 3107276
1 32 512 256 3106954
1 32 512 512 3106943
1 64 1 1 3675003
1 64 1 2 3517693
1 64 1 4 3326374
1 64 1 8 3231869
1 64 1 16 3186342
1 64 1 32 3155138
1 64 1 64 3149578
1 64 1 128 3135338
1 64 1 256 3134763
1 64 1 512 3136675
1 64 2 1 3563550
1 64 2 2 3357696
1 64 2 4 3243194
1 64 2 8 3209216
1 64 2 16 3169426
1 64 2 32 3151687
1 64 2 64 3153282
1 64 2 128 3120089
1 64 2 256 3122500
1 64 2 512 3119882
1 64 4 1 3407976
1 64 4 2 3273126
1 64 4 4 3198478
1 64 4 8 3159474
1 64 4 16 3140845
1 64 4 32 3124528
1 64 4 64 3124301
1 64 4 128 3110633
1 64 4 256 3110362
1 64 4 512 3110287
1 64 8 1 3360994
1 64 8 2 3261569
1 64 8 4 3183171
1 64 8 8 3154220
1 64 8 16 3130305
1 64 8 32 3120504
1 64 8 64 3117078
1 64 8 128 3107633
1 64 8 256 3107613
1 64 8 512 3107704
1 64 16 1 3349485
1 64 16 2 3245390
1 64 16 4 3181021
1 64 16 8 3143916
1 64 16 16 3132141
1 64 16 32 3117511
1 64 16 64 3117148
1 64 16 128 3106834
1 64 16 256 3106955
1 64 16 512 3109203
1 64 32 1 3343868
1 64 32 2 3232924
1 64 32 4 3171256
1 64 32 8 3143441
1 64 32 16 3129127
1 64 32 32 3119055
1 64 32 64 3119346
1 64 32 128 3110627
1 64 32 256 3108331
1 64 32 512 3108703
1 64 64 1 3325428
1 64 64 2 3234166
1 64 64 4 3172755
1 64 64 8 3138313
1 64 64 16 3126941
1 64 64 32 3116021
1 64 64 64 3119848
1 64 64 128 3108529
1 64 64 256 3108323
1 64 64 512 3108369
1 64 128 1 3322350
1 64 128 2 3247462
1 64 128 4 3184447
1 64 128 8 3145931
1 64 128 16 3131193
1 64 128 32 3119462
1 64 128 64 3117672
1 64 128 128 3106492
1 64 128 256 3106840
1 64 128 512 3108841
1 64 256 1 3323891
1 64 256 2 3245003
1 64 256 4 3184703
1 64 256 8 3145898
1 64 256 16 3133302
1 64 256 32 3117266
1 64 256 64 3117307
1 64 256 128 3106930
1 64 256 256 3109077
1 64 256 512 3107063
1 64 512 1 3322419
1 64 512 2 3245616
1 64 512 4 3184667
1 64 512 8 3148199
1 64 512 16 3130970
1 64 512 32 3117154
1 64 512 64 3117501
1 64 512 128 3109153
1 64 512 256 3107184
1 64 512 512 3107214
1 128 1 1 3771391
1 128 1 2 3589242
1 128 1 4 3366083
1 128 1 8 3255527
1 128 1 16 3199285
1 128 1 32 3167529
1 128 1 64 3156450
1 128 1 128 3139539
1 128 1 256 3139820
1 128 1 512 3139995
1 128 2 1 3639602
1 128 2 2 3402712
1 128 2 4 3279829
1 128 2 8 3226348
1 128 2 16 3188430
1 128 2 32 3162681
1 128 2 64 3162214
1 128 2 128 3122024
1 128 2 256 3123404
1 128 2 512 3120639
1 128 4 1 3435107
1 128 4 2 3289493
1 128 4 4 3204829
1 128 4 8 3168470
1 128 4 16 3142664
1 128 4 32 3125567
1 128 4 64 3123333
1 128 4 128 3113769
1 128 4 256 3111226
1 128 4 512 3111382
1 128 8 1 3382532
1 128 8 2 3278433
1 128 8 4 3197300
1 128 8 8 3159465
1 128 8 16 3133264
1 128 8 32 3119751
1 128 8 64 3121184
1 128 8 128 3108836
1 128 8 256 3108961
1 128 8 512 3108893
1 128 16 1 3414092
1 128 16 2 3262289
1 128 16 4 3191988
1 128 16 8 3153421
1 128 16 16 3138021
1 128 16 32 3125485
1 128 16 64 3121982
1 128 16 128 3109212
1 128 16 256 3109582
1 128 16 512 3111653
1 128 32 1 3354419
1 128 32 2 3241145
1 128 32 4 3175786
1 128 32 8 3146086
1 128 32 16 3129820
1 128 32 32 3121466
1 128 32 64 3121987
1 128 32 128 3110877
1 128 32 256 3112663
1 128 32 512 3110758
1 128 64 1 3357862
1 128 64 2 3271236
1 128 64 4 3194359
1 128 64 8 3148771
1 128 64 16 3132725
1 128 64 32 3117436
1 128 64 64 3119360
1 128 64 128 3112550
1 128 64 256 3110170
1 128 64 512 3110404
1 128 128 1 3374960
1 128 128 2 3282892
1 128 128 4 3203686
1 128 128 8 3155273
1 128 128 16 3136131
1 128 128 32 3120428
1 128 128 64 3118588
1 128 128 128 3106991
1 128 128 256 3106944
1 128 128 512 3106669
1 128 256 1 3379294
1 128 256 2 3280189
1 128 256 4 3202976
1 128 256 8 3155219
1 128 256 16 3137913
1 128 256 32 3118097
1 128 256 64 3117957
1 128 256 128 3106899
1 128 256 256 3107052
1 128 256 512 3109041
1 128 512 1 3371543
1 128 512 2 3280151
1 128 512 4 3202989
1 128 512 8 3158904
1 128 512 16 3136058
1 128 512 32 3118683
1 128 512 64 3118070
1 128 512 128 3109075
1 128 512 256 3106949
1 128 512 512 3106581
1 256 1 1 3770741
1 256 1 2 3588697
1 256 1 4 3366256
1 256 1 8 3255669
1 256 1 16 3199375
1 256 1 32 3165363
1 256 1 64 3158779
1 256 1 128 3139570
1 256 1 256 3139098
1 256 1 512 3139404
1 256 2 1 3639219
1 256 2 2 3402577
1 256 2 4 3278218
1 256 2 8 3226155
1 256 2 16 3189186
1 256 2 32 3163096
1 256 2 64 3162435
1 256 2 128 3119673
1 256 2 256 3119667
1 256 2 512 3122397
1 256 4 1 3433675
1 256 4 2 3289309
1 256 4 4 3204833
1 256 4 8 3168247
1 256 4 16 3142440
1 256 4 32 3125339
1 256 4 64 3123211
1 256 4 128 3113098
1 256 4 256 3111053
1 256 4 512 3110896
1 256 8 1 3384592
1 256 8 2 3275724
1 256 8 4 3200204
1 256 8 8 3159724
1 256 8 16 3133389
1 256 8 32 3119398
1 256 8 64 3120932
1 256 8 128 3108385
1 256 8 256 3108871
1 256 8 512 3108478
1 256 16 1 3412015
1 256 16 2 3264574
1 256 16 4 3192146
1 256 16 8 3153202
1 256 16 16 3138156
1 256 16 32 3125124
1 256 16 64 3121857
1 256 16 128 3109304
1 256 16 256 3109598
1 256 16 512 3111629
1 256 32 1 3354355
1 256 32 2 3240898
1 256 32 4 3175446
1 256 32 8 3143615
1 256 32 16 3131969
1 256 32 32 3119903
1 256 32 64 3121703
1 256 32 128 3110370
1 256 32 256 3112623
1 256 32 512 3110164
1 256 64 1 3358676
1 256 64 2 3272641
1 256 64 4 3194015
1 256 64 8 3148845
1 256 64 16 3132476
1 256 64 32 3117795
1 256 64 64 3119491
1 256 64 128 3112661
1 256 64 256 3112256
1 256 64 512 3110519
1 256 128 1 3377142
1 256 128 2 3282853
1 256 128 4 3203015
1 256 128 8 3154792
1 256 128 16 3136030
1 256 128 32 3118233
1 256 128 64 3119754
1 256 128 128 3106949
1 256 128 256 3107011
1 256 128 512 3106806
1 256 256 1 3377790
1 256 256 2 3280323
1 256 256 4 3202957
1 256 256 8 3154909
1 256 256 16 3138107
1 256 256 32 3118126
1 256 256 64 3117935
1 256 256 128 3107075
1 256 256 256 3106748
1 256 256 512 3110045
1 256 512 1 3376697
1 256 512 2 3281351
1 256 512 4 3203565
1 256 512 8 3157676
1 256 512 16 3135935
1 256 512 32 3118165
1 256 512 64 3118330
1 256 512 128 3106810
1 256 512 256 3109199
1 256 512 512 3107175
1 512 1 1 3770998
1 512 1 2 3585542
1 512 1 4 3368685
1 512 1 8 3255506
1 512 1 16 3199096
1 512 1 32 3165903
1 512 1 64 3160171
1 512 1 128 3139371
1 512 1 256 3140225
1 512 1 512 3139782
1 512 2 1 3639218
1 512 2 2 3402384
1 512 2 4 3278083
1 512 2 8 3226098
1 512 2 16 3185779
1 512 2 32 3165170
1 512 2 64 3162005
1 512 2 128 3120301
1 512 2 256 3119719
1 512 2 512 3122481
1 512 4 1 3433604
1 512 4 2 3288959
1 512 4 4 3204794
1 512 4 8 3168054
1 512 4 16 3142744
1 512 4 32 3125125
1 512 4 64 3123091
1 512 4 128 3111682
1 512 4 256 3113511
1 512 4 512 3111038
1 512 8 1 3382241
1 512 8 2 3275557
1 512 8 4 3199551
1 512 8 8 3159492
1 512 8 16 3133124
1 512 8 32 3119378
1 512 8 64 3119072
1 512 8 128 3110944
1 512 8 256 3108511
1 512 8 512 3108360
1 512 16 1 3411440
1 512 16 2 3264503
1 512 16 4 3192127
1 512 16 8 3154978
1 512 16 16 3138064
1 512 16 32 3125108
1 512 16 64 3122758
1 512 16 128 3109388
1 512 16 256 3109318
1 512 16 512 3109178
1 512 32 1 3356439
1 512 32 2 3240782
1 512 32 4 3175384
1 512 32 8 3143672
1 512 32 16 3131695
1 512 32 32 3120072
1 512 32 64 3121751
1 512 32 128 3110078
1 512 32 256 3110263
1 512 32 512 3112427
1 512 64 1 3358385
1 512 64 2 3271909
1 512 64 4 3191856
1 512 64 8 3150672
1 512 64 16 3132936
1 512 64 32 3117496
1 512 64 64 3119513
1 512 64 128 3112562
1 512 64 256 3110539
1 512 64 512 3110250
1 512 128 1 3376505
1 512 128 2 3280062
1 512 128 4 3205120
1 512 128 8 3154798
1 512 128 16 3136491
1 512 128 32 3118101
1 512 128 64 3120404
1 512 128 128 3107161
1 512 128 256 3106880
1 512 128 512 3106758
1 512 256 1 3376471
1 512 256 2 3282289
1 512 256 4 3203986
1 512 256 8 3156097
1 512 256 16 3136542
1 512 256 32 3120677
1 512 256 64 3118388
1 512 256 128 3107282
1 512 256 256 3107050
1 512 256 512 3109167
1 512 512 1 3377778
1 512 512 2 3280552
1 512 512 4 3203793
1 512 512 8 3155362
1 512 512 16 3138445
1 512 512 32 3118104
1 512 512 64 3118265
1 512 512 128 3107353
1 512 512 256 3109104
1 512 512 512 3107112
2 1 1 1 3361589
2 1 1 2 3252817
2 1 1 4 3184978
2 1 1 8 3146953
2 1 1 16 3127468
2 1 1 32 3117535
2 1 1 64 3121802
2 1 1 128 3116777
2 1 1 256 3114608
2 1 1 512 3114570
2 1 2 1 3290775
2 1 2 2 3209796
2 1 2 4 3159429
2 1 2 8 3134462
2 1 2 16 3120883
2 1 2 32 3117915
2 1 2 64 3123059
2 1 2 128 3113539
2 1 2 256 3113648
2 1 2 512 3115291
2 1 4 1 3254685
2 1 4 2 3183655
2 1 4 4 3144464
2 1 4 8 3125844
2 1 4 16 3129060
2 1 4 32 3117807
2 1 4 64 3118325
2 1 4 128 3109141
2 1 4 256 3109086
2 1 4 512 3111347
2 1 8 1 3279641
2 1 8 2 3187489
2 1 8 4 3144806
2 1 8 8 3136986
2 1 8 16 3120972
2 1 8 32 3114065
2 1 8 64 3115911
2 1 8 128 3107155
2 1 8 256 3109501
2 1 8 512 3107230
2 1 16 1 3275671
2 1 16 2 3195550
2 1 16 4 3158003
2 1 16 8 3130163
2 1 16 16 3119214
2 1 16 32 3113505
2 1 16 64 3115373
2 1 16 128 3109135
2 1 16 256 3107169
2 1 16 512 3107252
2 1 32 1 3269430
2 1 32 2 3198069
2 1 32 4 3152462
2 1 32 8 3128859
2 1 32 16 3119872
2 1 32 32 3116767
2 1 32 64 3116663
2 1 32 128 3108889
2 1 32 256 3107571
2 1 32 512 3107856
2 1 64 1 3283077
2 1 64 2 3195321
2 1 64 4 3150005
2 1 64 8 3127131
2 1 64 16 3120859
2 1 64 32 3112656
2 1 64 64 3116331
2 1 64 128 3107338
2 1 64 256 3107167
2 1 64 512 3109864
2 1 128 1 3282666
2 1 128 2 3195529
2 1 128 4 3153850
2 1 128 8 3131453
2 1 128 16 3119829
2 1 128 32 3113512
2 1 128 64 3117147
2 1 128 128 3107864
2 1 128 256 3109505
2 1 128 512 3108116
2 1 256 1 3282773
2 1 256 2 3195314
2 1 256 4 3155896
2 1 256 8 3129509
2 1 256 16 3120382
2 1 256 32 3113647
2 1 256 64 3119587
2 1 256 128 3107730
2 1 256 256 3107843
2 1 256 512 3107261
2 1 512 1 3282762
2 1 512 2 3197868
2 1 512 4 3153243
2 1 512 8 3129216
2 1 512 16 3119967
2 1 512 32 3117524
2 1 512 64 3116992
2 1 512 128 3107445
2 1 512 256 3107694
2 1 512 512 3106715
2 2 1 1 3310058
2 2 1 2 3218971
2 2 1 4 3165216
2 2 1 8 3138437
2 2 1 16 3126885
2 2 1 32 3121381
2 2 1 64 3124813
2 2 1 128 3117441
2 2 1 256 3116869
2 2 1 512 3119850
2 2 2 1 3257988
2 2 2 2 3190350
2 2 2 4 3151082
2 2 2 8 3132870
2 2 2 16 3123416
2 2 2 32 3121027
2 2 2 64 3122802
2 2 2 128 3116743
2 2 2 256 3114296
2 2 2 512 3114178
2 2 4 1 3239134
2 2 4 2 3176107
2 2 4 4 3143695
2 2 4 8 3127907
2 2 4 16 3128335
2 2 4 32 3117866
2 2 4 64 3120080
2 2 4 128 3108599
2 2 4 256 3108450
2 2 4 512 3108453
2 2 8 1 3272785
2 2 8 2 3188231
2 2 8 4 3146317
2 2 8 8 3136985
2 2 8 16 3124139
2 2 8 32 3117823
2 2 8 64 3116687
2 2 8 128 3107965
2 2 8 256 3107716
2 2 8 512 3107570
2 2 16 1 3279024
2 2 16 2 3200955
2 2 16 4 3158426
2 2 16 8 3134245
2 2 16 16 3126489
2 2 16 32 3115843
2 2 16 64 3116989
2 2 16 128 3107655
2 2 16 256 3109988
2 2 16 512 3108173
2 2 32 1 3284883
2 2 32 2 3207616
2 2 32 4 3158284
2 2 32 8 3135618
2 2 32 16 3122466
2 2 32 32 3114847
2 2 32 64 3116250
2 2 32 128 3109876
2 2 32 256 3107372
2 2 32 512 3107339
2 2 64 1 3287321
2 2 64 2 3203137
2 2 64 4 3156876
2 2 64 8 3128944
2 2 64 16 3119134
2 2 64 32 3112792
2 2 64 64 3118513
2 2 64 128 3107352
2 2 64 256 3107396
2 2 64 512 3107422
2 2 128 1 3287201
2 2 128 2 3205324
2 2 128 4 3159652
2 2 128 8 3131533
2 2 128 16 3122672
2 2 128 32 3116342
2 2 128 64 3117247
2 2 128 128 3107306
2 2 128 256 3107452
2 2 128 512 3109410
2 2 256 1 3287460
2 2 256 2 3201711
2 2 256 4 3157853
2 2 256 8 3131407
2 2 256 16 3123612
2 2 256 32 3113846
2 2 256 64 3117248
2 2 256 128 3107409
2 2 256 256 3109661
2 2 256 512 3107244
2 2 512 1 3287293
2 2 512 2 3202048
2 2 512 4 3157663
2 2 512 8 3134204
2 2 512 16 3121227
2 2 512 32 3114193
2 2 512 64 3117128
2 2 512 128 3109456
2 2 512 256 3107592
2 2 512 512 3107480
2 4 1 1 3303297
2 4 1 2 3221227
2 4 1 4 3170913
2 4 1 8 3142844
2 4 1 16 3139598
2 4 1 32 3125115
2 4 1 64 3126904
2 4 1 128 3114947
2 4 1 256 3114862
2 4 1 512 3114917
2 4 2 1 3268249
2 4 2 2 3194629
2 4 2 4 3156358
2 4 2 8 3144487
2 4 2 16 3127270
2 4 2 32 3120697
2 4 2 64 3122361
2 4 2 128 3114806
2 4 2 256 3114599
2 4 2 512 3116698
2 4 4 1 3250068
2 4 4 2 3183744
2 4 4 4 3158118
2 4 4 8 3133015
2 4 4 16 3131201
2 4 4 32 3118525
2 4 4 64 3118488
2 4 4 128 3108629
2 4 4 256 3111358
2 4 4 512 3108797
2 4 8 1 3277910
2 4 8 2 3204585
2 4 8 4 3156396
2 4 8 8 3138682
2 4 8 16 3126601
2 4 8 32 3117459
2 4 8 64 3116752
2 4 8 128 3109253
2 4 8 256 3107249
2 4 8 512 3107082
2 4 16 1 3301525
2 4 16 2 3217214
2 4 16 4 3164578
2 4 16 8 3138009
2 4 16 16 3125618
2 4 16 32 3115368
2 4 16 64 3118048
2 4 16 128 3106570
2 4 16 256 3109056
2 4 16 512 3106974
2 4 32 1 3298352
2 4 32 2 3214942
2 4 32 4 3160732
2 4 32 8 3134214
2 4 32 16 3122325
2 4 32 32 3116114
2 4 32 64 3115163
2 4 32 128 3106426
2 4 32 256 3106090
2 4 32 512 3108654
2 4 64 1 3294579
2 4 64 2 3206051
2 4 64 4 3156061
2 4 64 8 3131512
2 4 64 16 3118898
2 4 64 32 3112300
2 4 64 64 3115124
2 4 64 128 3106691
2 4 64 256 3108339
2 4 64 512 3106556
2 4 128 1 3287236
2 4 128 2 3203057
2 4 128 4 3160686
2 4 128 8 3132742
2 4 128 16 3121079
2 4 128 32 3114056
2 4 128 64 3116549
2 4 128 128 3109305
2 4 128 256 3107206
2 4 128 512 3107742
2 4 256 1 3286000
2 4 256 2 3206011
2 4 256 4 3159340
2 4 256 8 3132281
2 4 256 16 3120989
2 4 256 32 3113827
2 4 256 64 3120578
2 4 256 128 3107353
2 4 256 256 3107506
2 4 256 512 3108040
2 4 512 1 3289014
2 4 512 2 3203292
2 4 512 4 3159008
2 4 512 8 3132404
2 4 512 16 3123217
2 4 512 32 3113818
2 4 512 64 3116303
2 4 512 128 3106852
2 4 512 256 3107314
2 4 512 512 3109500
2 8 1 1 3376203
2 8 1 2 3283244
2 8 1 4 3201867
2 8 1 8 3171483
2 8 1 16 3144172
2 8 1 32 3129171
2 8 1 64 3129657
2 8 1 128 3118145
2 8 1 256 3121293
2 8 1 512 3118671
2 8 2 1 3327397
2 8 2 2 3228973
2 8 2 4 3187197
2 8 2 8 3149497
2 8 2 16 3134608
2 8 2 32 3123143
2 8 2 64 3128610
2 8 2 128 3116238
2 8 2 256 3115760
2 8 2 512 3115872
2 8 4 1 3285168
2 8 4 2 3216417
2 8 4 4 3169322
2 8 4 8 3140246
2 8 4 16 3138338
2 8 4 32 3123797
2 8 4 64 3120000
2 8 4 128 3109462
2 8 4 256 3108215
2 8 4 512 3108614
2 8 8 1 3309480
2 8 8 2 3219983
2 8 8 4 3167589
2 8 8 8 3145893
2 8 8 16 3130752
2 8 8 32 3117372
2 8 8 64 3116620
2 8 8 128 3106569
2 8 8 256 3108760
2 8 8 512 3106320
2 8 16 1 3319885
2 8 16 2 3230754
2 8 16 4 3169658
2 8 16 8 3141509
2 8 16 16 3125812
2 8 16 32 3115491
2 8 16 64 3116229
2 8 16 128 3107839
2 8 16 256 3105637
2 8 16 512 3105428
2 8 32 1 3305485
2 8 32 2 3221135
2 8 32 4 3165403
2 8 32 8 3134966
2 8 32 16 3122722
2 8 32 32 3114113
2 8 32 64 3116508
2 8 32 128 3105785
2 8 32 256 3105498
2 8 32 512 3105687
2 8 64 1 3298275
2 8 64 2 3213626
2 8 64 4 3159231
2 8 64 8 3129864
2 8 64 16 3119345
2 8 64 32 3115973
2 8 64 64 3114513
2 8 64 128 3106030
2 8 64 256 3105791
2 8 64 512 3107871
2 8 128 1 3283931
2 8 128 2 3204109
2 8 128 4 3158616
2 8 128 8 3132413
2 8 128 16 3123918
2 8 128 32 3114201
2 8 128 64 3116090
2 8 128 128 3106871
2 8 128 256 3109264
2 8 128 512 3107155
2 8 256 1 3283412
2 8 256 2 3203931
2 8 256 4 3158822
2 8 256 8 3134641
2 8 256 16 3121760
2 8 256 32 3114256
2 8 256 64 3116296
2 8 256 128 3109163
2 8 256 256 3106931
2 8 256 512 3107160
2 8 512 1 3283650
2 8 512 2 3206218
2 8 512 4 3158526
2 8 512 8 3132224
2 8 512 16 3121262
2 8 512 32 3114393
2 8 512 64 3118342
2 8 512 128 3107102
2 8 512 256 3107094
2 8 512 512 3107137
2 16 1 1 3471291
2 16 1 2 3386621
2 16 1 4 3267571
2 16 1 8 3202730
2 16 1 16 3171614
2 16 1 32 3145939
2 16 1 64 3138101
2 16 1 128 3123669
2 16 1 256 3123863
2 16 1 512 3126180
2 16 2 1 3454185
2 16 2 2 3314451
2 16 2 4 3231692
2 16 2 8 3179085
2 16 2 16 3150051
2 16 2 32 3130165
2 16 2 64 3132366
2 16 2 128 3117122
2 16 2 256 3119039
2 16 2 512 3116745
2 16 4 1 3409504
2 16 4 2 3271934
2 16 4 4 3195546
2 16 4 8 3151345
2 16 4 16 3138773
2 16 4 32 3122161
2 16 4 64 3122554
2 16 4 128 3109973
2 16 4 256 3109746
2 16 4 512 3110148
2 16 8 1 3352670
2 16 8 2 3251986
2 16 8 4 3176869
2 16 8 8 3149523
2 16 8 16 3129557
2 16 8 32 3119931
2 16 8 64 3116561
2 16 8 128 3106941
2 16 8 256 3109279
2 16 8 512 3107234
2 16 16 1 3330476
2 16 16 2 3239108
2 16 16 4 3174833
2 16 16 8 3140703
2 16 16 16 3128568
2 16 16 32 3115380
2 16 16 64 3115159
2 16 16 128 3106058
2 16 16 256 3106068
2 16 16 512 3108596
2 16 32 1 3309170
2 16 32 2 3224392
2 16 32 4 3164924
2 16 32 8 3137787
2 16 32 16 3123247
2 16 32 32 3114421
2 16 32 64 3114710
2 16 32 128 3107683
2 16 32 256 3105679
2 16 32 512 3105579
2 16 64 1 3301487
2 16 64 2 3213429
2 16 64 4 3160998
2 16 64 8 3130477
2 16 64 16 3120150
2 16 64 32 3112958
2 16 64 64 3116893
2 16 64 128 3105607
2 16 64 256 3105839
2 16 64 512 3105779
2 16 128 1 3285443
2 16 128 2 3208781
2 16 128 4 3159779
2 16 128 8 3133620
2 16 128 16 3122381
2 16 128 32 3117441
2 16 128 64 3118296
2 16 128 128 3107223
2 16 128 256 3107042
2 16 128 512 3110139
2 16 256 1 3285550
2 16 256 2 3206331
2 16 256 4 3159282
2 16 256 8 3132964
2 16 256 16 3124769
2 16 256 32 3115505
2 16 256 64 3116636
2 16 256 128 3106781
2 16 256 256 3109497
2 16 256 512 3107567
2 16 512 1 3285322
2 16 512 2 3206022
2 16 512 4 3159412
2 16 512 8 3135499
2 16 512 16 3122118
2 16 512 32 3115199
2 16 512 64 3116398
2 16 512 128 3109209
2 16 512 256 3107734
2 16 512 512 3107011
2 32 1 1 3696079
2 32 1 2 3557921
2 32 1 4 3352811
2 32 1 8 3248439
2 32 1 16 3194793
2 32 1 32 3158741
2 32 1 64 3155654
2 32 1 128 3139436
2 32 1 256 3139047
2 32 1 512 3139474
2 32 2 1 3619982
2 32 2 2 3388073
2 32 2 4 3259224
2 32 2 8 3217781
2 32 2 16 3177607
2 32 2 32 3153633
2 32 2 64 3155760
2 32 2 128 3120967
2 32 2 256 3120923
2 32 2 512 3123190
2 32 4 1 3435238
2 32 4 2 3285856
2 32 4 4 3200359
2 32 4 8 3163752
2 32 4 16 3141896
2 32 4 32 3124402
2 32 4 64 3122363
2 32 4 128 3112972
2 32 4 256 3110774
2 32 4 512 3110703
2 32 8 1 3369889
2 32 8 2 3265189
2 32 8 4 3188652
2 32 8 8 3155459
2 32 8 16 3130828
2 32 8 32 3118950
2 32 8 64 3119265
2 32 8 128 3107424
2 32 8 256 3107522
2 32 8 512 3107221
2 32 16 1 3343479
2 32 16 2 3245715
2 32 16 4 3179961
2 32 16 8 3143839
2 32 16 16 3129039
2 32 16 32 3119781
2 32 16 64 3116746
2 32 16 128 3106849
2 32 16 256 3107154
2 32 16 512 3108889
2 32 32 1 3344142
2 32 32 2 3236025
2 32 32 4 3172796
2 32 32 8 3142171
2 32 32 16 3133452
2 32 32 32 3119677
2 32 32 64 3119843
2 32 32 128 3108303
2 32 32 256 3110161
2 32 32 512 3108185
2 32 64 1 3327071
2 32 64 2 3234512
2 32 64 4 3173829
2 32 64 8 3138536
2 32 64 16 3127800
2 32 64 32 3116357
2 32 64 64 3117941
2 32 64 128 3110837
2 32 64 256 3108485
2 32 64 512 3108752
2 32 128 1 3312056
2 32 128 2 3248122
2 32 128 4 3185084
2 32 128 8 3147546
2 32 128 16 3132553
2 32 128 32 3117635
2 32 128 64 3120103
2 32 128 128 3107194
2 32 128 256 3107070
2 32 128 512 3107086
2 32 256 1 3314257
2 32 256 2 3244045
2 32 256 4 3185220
2 32 256 8 3146913
2 32 256 16 3132406
2 32 256 32 3119866
2 32 256 64 3118020
2 32 256 128 3107354
2 32 256 256 3107244
2 32 256 512 3110968
2 32 512 1 3311938
2 32 512 2 3245828
2 32 512 4 3185308
2 32 512 8 3149049
2 32 512 16 3132458
2 32 512 32 3117596
2 32 512 64 3117966
2 32 512 128 3107051
2 32 512 256 3109880
2 32 512 512 3107000
2 64 1 1 3735561
2 64 1 2 3568878
2 64 1 4 3365779
2 64 1 8 3252360
2 64 1 16 3197636
2 64 1 32 3163789
2 64 1 64 3157728
2 64 1 128 3139809
2 64 1 256 3140123
2 64 1 512 3139907
2 64 2 1 3638342
2 64 2 2 3409424
2 64 2 4 3288608
2 64 2 8 3218808
2 64 2 16 3179210
2 64 2 32 3160314
2 64 2 64 3158707
2 64 2 128 3122110
2 64 2 256 3121486
2 64 2 512 3124228
2 64 4 1 3438637
2 64 4 2 3294361
2 64 4 4 3220693
2 64 4 8 3167504
2 64 4 16 3143865
2 64 4 32 3126910
2 64 4 64 3124990
2 64 4 128 3112830
2 64 4 256 3113764
2 64 4 512 3111854
2 64 8 1 3398976
2 64 8 2 3285675
2 64 8 4 3209458
2 64 8 8 3164864
2 64 8 16 3140324
2 64 8 32 3124113
2 64 8 64 3122205
2 64 8 128 3112836
2 64 8 256 3109917
2 64 8 512 3110541
2 64 16 1 3407086
2 64 16 2 3270497
2 64 16 4 3196451
2 64 16 8 3155581
2 64 16 16 3139218
2 64 16 32 3127431
2 64 16 64 3125353
2 64 16 128 3112313
2 64 16 256 3111991
2 64 16 512 3113466
2 64 32 1 3362996
2 64 32 2 3266176
2 64 32 4 3193136
2 64 32 8 3152386
2 64 32 16 3138140
2 64 32 32 3120986
2 64 32 64 3121732
2 64 32 128 3111227
2 64 32 256 3112076
2 64 32 512 3113659
2 64 64 1 3416008
2 64 64 2 3279979
2 64 64 4 3192792
2 64 64 8 3151259
2 64 64 16 3134439
2 64 64 32 3117805
2 64 64 64 3119862
2 64 64 128 3113207
2 64 64 256 3110995
2 64 64 512 3110756
2 64 128 1 3381247
2 64 128 2 3276976
2 64 128 4 3202017
2 64 128 8 3152924
2 64 128 16 3135036
2 64 128 32 3118359
2 64 128 64 3120297
2 64 128 128 3107468
2 64 128 256 3107172
2 64 128 512 3107076
2 64 256 1 3365092
2 64 256 2 3279607
2 64 256 4 3199056
2 64 256 8 3152908
2 64 256 16 3135057
2 64 256 32 3120569
2 64 256 64 3118942
2 64 256 128 3107566
2 64 256 256 3107069
2 64 256 512 3109621
2 64 512 1 3370525
2 64 512 2 3277849
2 64 512 4 3199154
2 64 512 8 3152955
2 64 512 16 3137076
2 64 512 32 3118274
2 64 512 64 3118401
2 64 512 128 3106877
2 64 512 256 3109545
2 64 512 512 3107362
2 128 1 1 3821924
2 128 1 2 3602257
2 128 1 4 3381700
2 128 1 8 3259139
2 128 1 16 3201816
2 128 1 32 3169185
2 128 1 64 3161923
2 128 1 128 3142591
2 128 1 256 3142227
2 128 1 512 3142073
2 128 2 1 3664292
2 128 2 2 3433530
2 128 2 4 3304755
2 128 2 8 3230912
2 128 2 16 3191690
2 128 2 32 3171436
2 128 2 64 3166742
2 128 2 128 3123629
2 128 2 256 3123635
2 128 2 512 3125398
2 128 4 1 3462632
2 128 4 2 3326253
2 128 4 4 3239428
2 128 4 8 3176905
2 128 4 16 3155478
2 128 4 32 3135709
2 128 4 64 3129535
2 128 4 128 3114389
2 128 4 256 3117112
2 128 4 512 3114797
2 128 8 1 3479211
2 128 8 2 3327366
2 128 8 4 3244243
2 128 8 8 3191287
2 128 8 16 3160848
2 128 8 32 3136728
2 128 8 64 3132422
2 128 8 128 3118628
2 128 8 256 3115802
2 128 8 512 3118034
2 128 16 1 3445675
2 128 16 2 3285409
2 128 16 4 3204375
2 128 16 8 3160473
2 128 16 16 3146649
2 128 16 32 3135949
2 128 16 64 3132995
2 128 16 128 3117435
2 128 16 256 3117515
2 128 16 512 3117609
2 128 32 1 3426910
2 128 32 2 3335348
2 128 32 4 3226484
2 128 32 8 3168320
2 128 32 16 3147186
2 128 32 32 3124777
2 128 32 64 3125651
2 128 32 128 3114559
2 128 32 256 3114794
2 128 32 512 3116729
2 128 64 1 3399247
2 128 64 2 3315108
2 128 64 4 3211214
2 128 64 8 3160927
2 128 64 16 3139488
2 128 64 32 3120867
2 128 64 64 3122083
2 128 64 128 3114804
2 128 64 256 3112964
2 128 64 512 3112961
2 128 128 1 3382900
2 128 128 2 3313668
2 128 128 4 3218298
2 128 128 8 3160167
2 128 128 16 3138629
2 128 128 32 3119416
2 128 128 64 3120744
2 128 128 128 3108754
2 128 128 256 3107133
2 128 128 512 3106993
2 128 256 1 3382834
2 128 256 2 3311283
2 128 256 4 3216329
2 128 256 8 3159891
2 128 256 16 3138590
2 128 256 32 3121646
2 128 256 64 3118754
2 128 256 128 3107119
2 128 256 256 3106827
2 128 256 512 3109233
2 128 512 1 3382732
2 128 512 2 3312430
2 128 512 4 3216884
2 128 512 8 3160453
2 128 512 16 3140969
2 128 512 32 3119146
2 128 512 64 3118414
2 128 512 128 3107183
2 128 512 256 3109179
2 128 512 512 3107123
2 256 1 1 3822262
2 256 1 2 3602043
2 256 1 4 3379815
2 256 1 8 3258721
2 256 1 16 3201763
2 256 1 32 3168679
2 256 1 64 3161680
2 256 1 128 3142019
2 256 1 256 3142420
2 256 1 512 3142165
2 256 2 1 3663977
2 256 2 2 3432595
2 256 2 4 3305077
2 256 2 8 3230748
2 256 2 16 3193190
2 256 2 32 3171640
2 256 2 64 3166975
2 256 2 128 3124730
2 256 2 256 3123247
2 256 2 512 3125721
2 256 4 1 3463353
2 256 4 2 3325715
2 256 4 4 3239898
2 256 4 8 3176827
2 256 4 16 3155693
2 256 4 32 3135878
2 256 4 64 3129644
2 256 4 128 3114769
2 256 4 256 3117021
2 256 4 512 3114892
2 256 8 1 3479502
2 256 8 2 3324216
2 256 8 4 3244597
2 256 8 8 3190909
2 256 8 16 3160512
2 256 8 32 3136284
2 256 8 64 3133194
2 256 8 128 3118333
2 256 8 256 3116355
2 256 8 512 3116515
2 256 16 1 3445716
2 256 16 2 3285246
2 256 16 4 3202891
2 256 16 8 3160256
2 256 16 16 3146803
2 256 16 32 3136168
2 256 16 64 3132886
2 256 16 128 3117751
2 256 16 256 3117609
2 256 16 512 3117735
2 256 32 1 3427042
2 256 32 2 3335955
2 256 32 4 3227677
2 256 32 8 3168712
2 256 32 16 3147330
2 256 32 32 3125942
2 256 32 64 3125722
2 256 32 128 3114269
2 256 32 256 3116854
2 256 32 512 3114439
2 256 64 1 3400030
2 256 64 2 3313028
2 256 64 4 3210299
2 256 64 8 3160369
2 256 64 16 3139197
2 256 64 32 3120806
2 256 64 64 3122071
2 256 64 128 3114675
2 256 64 256 3112610
2 256 64 512 3113001
2 256 128 1 3380533
2 256 128 2 3312693
2 256 128 4 3217973
2 256 128 8 3160236
2 256 128 16 3139074
2 256 128 32 3119546
2 256 128 64 3120732
2 256 128 128 3107126
2 256 128 256 3107109
2 256 128 512 3106676
2 256 256 1 3383007
2 256 256 2 3313263
2 256 256 4 3215184
2 256 256 8 3160175
2 256 256 16 3138287
2 256 256 32 3121339
2 256 256 64 3118352
2 256 256 128 3107058
2 256 256 256 3107163
2 256 256 512 3110678
2 256 512 1 3393749
2 256 512 2 3312280
2 256 512 4 3215510
2 256 512 8 3163094
2 256 512 16 3138548
2 256 512 32 3119454
2 256 512 64 3118383
2 256 512 128 3106596
2 256 512 256 3109090
2 256 512 512 3106676
2 512 1 1 3822359
2 512 1 2 3602184
2 512 1 4 3379938
2 512 1 8 3258853
2 512 1 16 3201986
2 512 1 32 3168482
2 512 1 64 3161436
2 512 1 128 3141484
2 512 1 256 3142050
2 512 1 512 3141895
2 512 2 1 3663654
2 512 2 2 3433706
2 512 2 4 3304929
2 512 2 8 3230286
2 512 2 16 3191771
2 512 2 32 3171198
2 512 2 64 3166844
2 512 2 128 3123849
2 512 2 256 3123297
2 512 2 512 3125330
2 512 4 1 3463375
2 512 4 2 3326044
2 512 4 4 3239755
2 512 4 8 3179093
2 512 4 16 3152932
2 512 4 32 3135956
2 512 4 64 3131131
2 512 4 128 3115115
2 512 4 256 3116955
2 512 4 512 3114589
2 512 8 1 3483195
2 512 8 2 3326620
2 512 8 4 3244614
2 512 8 8 3190894
2 512 8 16 3161138
2 512 8 32 3136540
2 512 8 64 3132659
2 512 8 128 3118496
2 512 8 256 3116058
2 512 8 512 3116216
2 512 16 1 3445094
2 512 16 2 3285345
2 512 16 4 3202532
2 512 16 8 3160208
2 512 16 16 3146538
2 512 16 32 3135941
2 512 16 64 3133151
2 512 16 128 3117709
2 512 16 256 3117852
2 512 16 512 3118006
2 512 32 1 3426710
2 512 32 2 3335229
2 512 32 4 3227231
2 512 32 8 3168294
2 512 32 16 3147509
2 512 32 32 3125121
2 512 32 64 3125919
2 512 32 128 3114642
2 512 32 256 3116616
2 512 32 512 3114400
2 512 64 1 3402321
2 512 64 2 3312884
2 512 64 4 3210817
2 512 64 8 3160725
2 512 64 16 3141104
2 512 64 32 3120910
2 512 64 64 3122219
2 512 64 128 3115719
2 512 64 256 3112867
2 512 64 512 3112982
2 512 128 1 3382071
2 512 128 2 3316320
2 512 128 4 3332131
2 512 128 8 3198055
2 512 128 16 3138897
2 512 128 32 3119370
2 512 128 64 3118560
2 512 128 128 3107208
2 512 128 256 3108739
2 512 128 512 3107709
2 512 256 1 3382011
2 512 256 2 3310984
2 512 256 4 3216660
2 512 256 8 3160634
2 512 256 16 3140017
2 512 256 32 3119594
2 512 256 64 3119340
2 512 256 128 3107321
2 512 256 256 3107167
2 512 256 512 3107465
2 512 512 1 3385436
2 512 512 2 3310725
2 512 512 4 3215853
2 512 512 8 3160573
2 512 512 16 3138598
2 512 512 32 3119666
2 512 512 64 3118755
2 512 512 128 3108426
2 512 512 256 3106981
2 512 512 512 3107158
4 1 1 1 3351138
4 1 1 2 3252862
4 1 1 4 3181543
4 1 1 8 3146751
4 1 1 16 3134686
4 1 1 32 3121383
4 1 1 64 3120788
4 1 1 128 3110575
4 1 1 256 3110414
4 1 1 512 3111644
4 1 2 1 3291956
4 1 2 2 3206413
4 1 2 4 3159413
4 1 2 8 3140433
4 1 2 16 3123535
4 1 2 32 3115516
4 1 2 64 3120952
4 1 2 128 3112082
4 1 2 256 3112260
4 1 2 512 3112392
4 1 4 1 3254756
4 1 4 2 3184850
4 1 4 4 3154063
4 1 4 8 3129147
4 1 4 16 3126855
4 1 4 32 3116230
4 1 4 64 3116579
4 1 4 128 3106961
4 1 4 256 3108524
4 1 4 512 3107073
4 1 8 1 3277615
4 1 8 2 3197134
4 1 8 4 3148072
4 1 8 8 3133933
4 1 8 16 3121218
4 1 8 32 3115496
4 1 8 64 3115837
4 1 8 128 3107171
4 1 8 256 3106974
4 1 8 512 3108182
4 1 16 1 3289436
4 1 16 2 3204015
4 1 16 4 3159755
4 1 16 8 3134351
4 1 16 16 3123148
4 1 16 32 3116364
4 1 16 64 3116456
4 1 16 128 3107334
4 1 16 256 3107799
4 1 16 512 3112531
4 1 32 1 3299376
4 1 32 2 3229078
4 1 32 4 3183909
4 1 32 8 3155576
4 1 32 16 3125347
4 1 32 32 3115917
4 1 32 64 3114358
4 1 32 128 3104546
4 1 32 256 3105461
4 1 32 512 3104781
4 1 64 1 3291619
4 1 64 2 3207806
4 1 64 4 3176260
4 1 64 8 3151182
4 1 64 16 3121269
4 1 64 32 3113530
4 1 64 64 3113852
4 1 64 128 3104839
4 1 64 256 3105014
4 1 64 512 3104495
4 1 128 1 3285998
4 1 128 2 3201861
4 1 128 4 3174403
4 1 128 8 3153196
4 1 128 16 3120722
4 1 128 32 3112989
4 1 128 64 3113907
4 1 128 128 3105746
4 1 128 256 3109456
4 1 128 512 3107260
4 1 256 1 3282942
4 1 256 2 3200846
4 1 256 4 3156031
4 1 256 8 3130042
4 1 256 16 3120495
4 1 256 32 3113262
4 1 256 64 3117167
4 1 256 128 3107247
4 1 256 256 3108077
4 1 256 512 3107213
4 1 512 1 3281364
4 1 512 2 3200023
4 1 512 4 3156474
4 1 512 8 3129584
4 1 512 16 3120435
4 1 512 32 3113092
4 1 512 64 3116500
4 1 512 128 3108611
4 1 512 256 3104472
4 1 512 512 3104098
4 2 1 1 3307293
4 2 1 2 3222537
4 2 1 4 3170697
4 2 1 8 3145275
4 2 1 16 3126229
4 2 1 32 3116964
4 2 1 64 3120967
4 2 1 128 3115322
4 2 1 256 3114938
4 2 1 512 3114862
4 2 2 1 3269406
4 2 2 2 3202302
4 2 2 4 3163509
4 2 2 8 3136340
4 2 2 16 3122310
4 2 2 32 3120516
4 2 2 64 3124460
4 2 2 128 3115390
4 2 2 256 3115022
4 2 2 512 3115913
4 2 4 1 3260368
4 2 4 2 3198722
4 2 4 4 3159482
4 2 4 8 3137213
4 2 4 16 3132413
4 2 4 32 3121196
4 2 4 64 3118955
4 2 4 128 3109447
4 2 4 256 3108913
4 2 4 512 3109149
4 2 8 1 3294662
4 2 8 2 3216288
4 2 8 4 3175636
4 2 8 8 3159499
4 2 8 16 3131582
4 2 8 32 3120596
4 2 8 64 3117833
4 2 8 128 3108165
4 2 8 256 3108419
4 2 8 512 3107835
4 2 16 1 3300553
4 2 16 2 3230404
4 2 16 4 3189037
4 2 16 8 3156112
4 2 16 16 3127988
4 2 16 32 3117051
4 2 16 64 3114941
4 2 16 128 3105633
4 2 16 256 3105666
4 2 16 512 3106776
4 2 32 1 3291839
4 2 32 2 3218029
4 2 32 4 3182417
4 2 32 8 3157070
4 2 32 16 3128244
4 2 32 32 3116778
4 2 32 64 3116097
4 2 32 128 3105994
4 2 32 256 3105757
4 2 32 512 3105555
4 2 64 1 3296395
4 2 64 2 3210180
4 2 64 4 3178401
4 2 64 8 3153377
4 2 64 16 3123173
4 2 64 32 3113986
4 2 64 64 3115203
4 2 64 128 3106081
4 2 64 256 3106867
4 2 64 512 3106127
4 2 128 1 3290634
4 2 128 2 3201048
4 2 128 4 3175566
4 2 128 8 3152325
4 2 128 16 3121568
4 2 128 32 3112467
4 2 128 64 3114080
4 2 128 128 3104388
4 2 128 256 3104428
4 2 128 512 3104483
4 2 256 1 3290725
4 2 256 2 3200880
4 2 256 4 3156989
4 2 256 8 3131204
4 2 256 16 3121209
4 2 256 32 3114202
4 2 256 64 3117070
4 2 256 128 3108394
4 2 256 256 3107731
4 2 256 512 3107545
4 2 512 1 3287332
4 2 512 2 3199297
4 2 512 4 3158822
4 2 512 8 3131331
4 2 512 16 3122931
4 2 512 32 3114395
4 2 512 64 3117497
4 2 512 128 3107486
4 2 512 256 3107230
4 2 512 512 3107212
4 4 1 1 3341339
4 4 1 2 3256452
4 4 1 4 3192826
4 4 1 8 3154630
4 4 1 16 3146984
4 4 1 32 3130934
4 4 1 64 3131438
4 4 1 128 3119129
4 4 1 256 3118665
4 4 1 512 3118519
4 4 2 1 3296766
4 4 2 2 3217407
4 4 2 4 3171304
4 4 2 8 3150992
4 4 2 16 3134675
4 4 2 32 3125179
4 4 2 64 3127038
4 4 2 128 3116718
4 4 2 256 3116567
4 4 2 512 3117458
4 4 4 1 3277277
4 4 4 2 3200384
4 4 4 4 3171158
4 4 4 8 3141461
4 4 4 16 3137121
4 4 4 32 3122673
4 4 4 64 3120144
4 4 4 128 3108563
4 4 4 256 3108653
4 4 4 512 3108623
4 4 8 1 3293349
4 4 8 2 3218548
4 4 8 4 3167832
4 4 8 8 3146005
4 4 8 16 3129398
4 4 8 32 3117321
4 4 8 64 3116220
4 4 8 128 3106597
4 4 8 256 3106681
4 4 8 512 3106426
4 4 16 1 3318705
4 4 16 2 3227380
4 4 16 4 3168298
4 4 16 8 3138696
4 4 16 16 3126531
4 4 16 32 3115086
4 4 16 64 3115030
4 4 16 128 3105892
4 4 16 256 3106157
4 4 16 512 3105904
4 4 32 1 3303770
4 4 32 2 3216260
4 4 32 4 3161602
4 4 32 8 3134507
4 4 32 16 3122193
4 4 32 32 3113968
4 4 32 64 3114559
4 4 32 128 3105655
4 4 32 256 3105634
4 4 32 512 3105616
4 4 64 1 3296402
4 4 64 2 3206106
4 4 64 4 3156408
4 4 64 8 3129817
4 4 64 16 3118840
4 4 64 32 3112055
4 4 64 64 3114541
4 4 64 128 3105870
4 4 64 256 3107106
4 4 64 512 3106698
4 4 128 1 3283047
4 4 128 2 3199708
4 4 128 4 3158915
4 4 128 8 3132198
4 4 128 16 3121840
4 4 128 32 3114571
4 4 128 64 3116691
4 4 128 128 3107653
4 4 128 256 3107859
4 4 128 512 3107917
4 4 256 1 3282626
4 4 256 2 3200214
4 4 256 4 3159173
4 4 256 8 3132429
4 4 256 16 3121879
4 4 256 32 3114860
4 4 256 64 3116626
4 4 256 128 3107562
4 4 256 256 3107922
4 4 256 512 3107915
4 4 512 1 3282830
4 4 512 2 3200395
4 4 512 4 3158044
4 4 512 8 3132657
4 4 512 16 3121761
4 4 512 32 3114725
4 4 512 64 3116587
4 4 512 128 3107229
4 4 512 256 3107456
4 4 512 512 3107384
4 8 1 1 3412007
4 8 1 2 3331880
4 8 1 4 3238708
4 8 1 8 3195055
4 8 1 16 3168848
4 8 1 32 3143948
4 8 1 64 3140730
4 8 1 128 3125290
4 8 1 256 3125239
4 8 1 512 3124671
4 8 2 1 3409487
4 8 2 2 3281114
4 8 2 4 3225422
4 8 2 8 3173823
4 8 2 16 3148946
4 8 2 32 3129990
4 8 2 64 3132253
4 8 2 128 3118423
4 8 2 256 3118403
4 8 2 512 3118379
4 8 4 1 3383144
4 8 4 2 3264974
4 8 4 4 3191022
4 8 4 8 3150520
4 8 4 16 3138614
4 8 4 32 3121695
4 8 4 64 3120281
4 8 4 128 3110461
4 8 4 256 3109766
4 8 4 512 3110308
4 8 8 1 3347595
4 8 8 2 3241938
4 8 8 4 3175267
4 8 8 8 3148858
4 8 8 16 3129424
4 8 8 32 3117626
4 8 8 64 3116667
4 8 8 128 3107148
4 8 8 256 3107267
4 8 8 512 3108106
4 8 16 1 3322922
4 8 16 2 3232440
4 8 16 4 3172192
4 8 16 8 3139511
4 8 16 16 3127876
4 8 16 32 3115656
4 8 16 64 3115761
4 8 16 128 3105808
4 8 16 256 3106695
4 8 16 512 3105980
4 8 32 1 3306952
4 8 32 2 3218953
4 8 32 4 3163671
4 8 32 8 3134960
4 8 32 16 3123857
4 8 32 32 3114977
4 8 32 64 3114909
4 8 32 128 3105811
4 8 32 256 3106676
4 8 32 512 3105821
4 8 64 1 3299027
4 8 64 2 3209222
4 8 64 4 3157805
4 8 64 8 3130087
4 8 64 16 3120835
4 8 64 32 3113743
4 8 64 64 3115035
4 8 64 128 3106853
4 8 64 256 3106030
4 8 64 512 3105714
4 8 128 1 3286483
4 8 128 2 3202940
4 8 128 4 3159732
4 8 128 8 3132956
4 8 128 16 3122750
4 8 128 32 3115171
4 8 128 64 3117171
4 8 128 128 3108653
4 8 128 256 3107490
4 8 128 512 3107695
4 8 256 1 3286090
4 8 256 2 3202646
4 8 256 4 3160598
4 8 256 8 3132953
4 8 256 16 3123002
4 8 256 32 3115297
4 8 256 64 3117690
4 8 256 128 3107531
4 8 256 256 3107688
4 8 256 512 3107764
4 8 512 1 3286017
4 8 512 2 3202533
4 8 512 4 3158941
4 8 512 8 3132743
4 8 512 16 3122261
4 8 512 32 3115144
4 8 512 64 3116954
4 8 512 128 3108325
4 8 512 256 3107555
4 8 512 512 3107372
4 16 1 1 3677363
4 16 1 2 3539336
4 16 1 4 3340487
4 16 1 8 3243306
4 16 1 16 3191210
4 16 1 32 3158424
4 16 1 64 3151793
4 16 1 128 3137372
4 16 1 256 3137416
4 16 1 512 3137660
4 16 2 1 3574503
4 16 2 2 3370172
4 16 2 4 3248749
4 16 2 8 3216728
4 16 2 16 3176118
4 16 2 32 3156551
4 16 2 64 3156121
4 16 2 128 3125895
4 16 2 256 3126215
4 16 2 512 3125934
4 16 4 1 3416112
4 16 4 2 3273327
4 16 4 4 3195718
4 16 4 8 3162516
4 16 4 16 3141220
4 16 4 32 3124544
4 16 4 64 3122591
4 16 4 128 3110909
4 16 4 256 3110833
4 16 4 512 3110725
4 16 8 1 3357715
4 16 8 2 3257516
4 16 8 4 3184024
4 16 8 8 3154851
4 16 8 16 3131861
4 16 8 32 3118248
4 16 8 64 3117508
4 16 8 128 3107393
4 16 8 256 3107401
4 16 8 512 3107288
4 16 16 1 3340180
4 16 16 2 3242352
4 16 16 4 3180791
4 16 16 8 3145085
4 16 16 16 3131418
4 16 16 32 3118700
4 16 16 64 3117611
4 16 16 128 3106991
4 16 16 256 3106698
4 16 16 512 3107103
4 16 32 1 3349792
4 16 32 2 3229657
4 16 32 4 3172789
4 16 32 8 3143556
4 16 32 16 3130982
4 16 32 32 3120032
4 16 32 64 3120173
4 16 32 128 3109551
4 16 32 256 3109840
4 16 32 512 3109064
4 16 64 1 3327489
4 16 64 2 3240833
4 16 64 4 3174466
4 16 64 8 3139350
4 16 64 16 3128279
4 16 64 32 3116241
4 16 64 64 3118187
4 16 64 128 3109482
4 16 64 256 3109151
4 16 64 512 3109197
4 16 128 1 3335431
4 16 128 2 3252190
4 16 128 4 3189774
4 16 128 8 3148261
4 16 128 16 3133527
4 16 128 32 3117430
4 16 128 64 3117946
4 16 128 128 3107508
4 16 128 256 3107548
4 16 128 512 3107359
4 16 256 1 3336646
4 16 256 2 3252566
4 16 256 4 3188642
4 16 256 8 3147667
4 16 256 16 3133346
4 16 256 32 3117443
4 16 256 64 3117871
4 16 256 128 3107792
4 16 256 256 3107435
4 16 256 512 3107465
4 16 512 1 3336136
4 16 512 2 3252755
4 16 512 4 3188933
4 16 512 8 3147794
4 16 512 16 3133345
4 16 512 32 3118016
4 16 512 64 3118848
4 16 512 128 3107619
4 16 512 256 3107552
4 16 512 512 3108192
4 32 1 1 3731004
4 32 1 2 3572135
4 32 1 4 3360188
4 32 1 8 3248390
4 32 1 16 3193516
4 32 1 32 3160613
4 32 1 64 3152739
4 32 1 128 3136648
4 32 1 256 3136940
4 32 1 512 3137199
4 32 2 1 3628964
4 32 2 2 3402162
4 32 2 4 3287032
4 32 2 8 3221612
4 32 2 16 3182366
4 32 2 32 3161582
4 32 2 64 3161447
4 32 2 128 3129208
4 32 2 256 3129690
4 32 2 512 3128755
4 32 4 1 3425136
4 32 4 2 3284449
4 32 4 4 3218647
4 32 4 8 3164304
4 32 4 16 3142868
4 32 4 32 3127192
4 32 4 64 3124621
4 32 4 128 3111871
4 32 4 256 3113141
4 32 4 512 3112301
4 32 8 1 3392761
4 32 8 2 3281546
4 32 8 4 3206992
4 32 8 8 3167093
4 32 8 16 3141942
4 32 8 32 3125008
4 32 8 64 3122857
4 32 8 128 3111364
4 32 8 256 3110627
4 32 8 512 3110910
4 32 16 1 3411097
4 32 16 2 3263623
4 32 16 4 3195685
4 32 16 8 3156744
4 32 16 16 3141436
4 32 16 32 3126515
4 32 16 64 3126322
4 32 16 128 3113818
4 32 16 256 3112987
4 32 16 512 3112871
4 32 32 1 3391744
4 32 32 2 3266655
4 32 32 4 3193203
4 32 32 8 3152585
4 32 32 16 3136938
4 32 32 32 3122291
4 32 32 64 3123228
4 32 32 128 3112591
4 32 32 256 3112700
4 32 32 512 3112530
4 32 64 1 3397228
4 32 64 2 3279592
4 32 64 4 3194318
4 32 64 8 3149903
4 32 64 16 3133798
4 32 64 32 3118233
4 32 64 64 3121375
4 32 64 128 3111316
4 32 64 256 3111490
4 32 64 512 3111598
4 32 128 1 3385736
4 32 128 2 3280777
4 32 128 4 3202476
4 32 128 8 3154345
4 32 128 16 3136877
4 32 128 32 3117994
4 32 128 64 3118204
4 32 128 128 3107072
4 32 128 256 3106997
4 32 128 512 3107401
4 32 256 1 3378173
4 32 256 2 3281364
4 32 256 4 3202543
4 32 256 8 3154175
4 32 256 16 3136528
4 32 256 32 3119195
4 32 256 64 3118499
4 32 256 128 3107221
4 32 256 256 3107126
4 32 256 512 3107042
4 32 512 1 3402955
4 32 512 2 3281384
4 32 512 4 3202160
4 32 512 8 3155519
4 32 512 16 3136007
4 32 512 32 3118446
4 32 512 64 3118339
4 32 512 128 3107322
4 32 512 256 3107267
4 32 512 512 3107302
4 64 1 1 3785402
4 64 1 2 3583577
4 64 1 4 3364871
4 64 1 8 3252508
4 64 1 16 3197994
4 64 1 32 3166380
4 64 1 64 3157325
4 64 1 128 3139866
4 64 1 256 3141729
4 64 1 512 3139935
4 64 2 1 3647724
4 64 2 2 3442266
4 64 2 4 3301669
4 64 2 8 3234103
4 64 2 16 3201152
4 64 2 32 3175557
4 64 2 64 3172283
4 64 2 128 3134544
4 64 2 256 3134715
4 64 2 512 3135229
4 64 4 1 3518787
4 64 4 2 3358096
4 64 4 4 3259535
4 64 4 8 3202707
4 64 4 16 3178727
4 64 4 32 3155436
4 64 4 64 3145844
4 64 4 128 3128790
4 64 4 256 3128913
4 64 4 512 3129005
4 64 8 1 3488078
4 64 8 2 3325693
4 64 8 4 3236049
4 64 8 8 3191469
4 64 8 16 3156683
4 64 8 32 3142681
4 64 8 64 3138901
4 64 8 128 3122947
4 64 8 256 3122838
4 64 8 512 3122836
4 64 16 1 3469455
4 64 16 2 3341006
4 64 16 4 3251983
4 64 16 8 3185724
4 64 16 16 3156840
4 64 16 32 3135286
4 64 16 64 3133213
4 64 16 128 3117837
4 64 16 256 3117385
4 64 16 512 3118332
4 64 32 1 3503875
4 64 32 2 3342609
4 64 32 4 3230804
4 64 32 8 3171061
4 64 32 16 3145914
4 64 32 32 3124655
4 64 32 64 3125595
4 64 32 128 3114059
4 64 32 256 3114302
4 64 32 512 3114144
4 64 64 1 3404135
4 64 64 2 3316079
4 64 64 4 3215966
4 64 64 8 3161225
4 64 64 16 3140781
4 64 64 32 3120700
4 64 64 64 3122413
4 64 64 128 3112749
4 64 64 256 3113211
4 64 64 512 3112996
4 64 128 1 3401996
4 64 128 2 3293585
4 64 128 4 3207244
4 64 128 8 3156095
4 64 128 16 3137903
4 64 128 32 3119249
4 64 128 64 3118356
4 64 128 128 3107360
4 64 128 256 3108325
4 64 128 512 3107328
4 64 256 1 3380381
4 64 256 2 3294165
4 64 256 4 3207689
4 64 256 8 3158212
4 64 256 16 3138458
4 64 256 32 3119959
4 64 256 64 3118851
4 64 256 128 3108408
4 64 256 256 3107114
4 64 256 512 3107351
4 64 512 1 3411967
4 64 512 2 3294524
4 64 512 4 3207404
4 64 512 8 3156475
4 64 512 16 3138247
4 64 512 32 3119158
4 64 512 64 3118386
4 64 512 128 3108473
4 64 512 256 3107113
4 64 512 512 3107199
4 128 1 1 3824111
4 128 1 2 3606901
4 128 1 4 3387340
4 128 1 8 3270796
4 128 1 16 3231796
4 128 1 32 3189362
4 128 1 64 3173244
4 128 1 128 3153110
4 128 1 256 3153543
4 128 1 512 3153454
4 128 2 1 3698958
4 128 2 2 3498885
4 128 2 4 3349414
4 128 2 8 3277911
4 128 2 16 3246681
4 128 2 32 3211417
4 128 2 64 3198952
4 128 2 128 3160955
4 128 2 256 3161178
4 128 2 512 3161199
4 128 4 1 3595003
4 128 4 2 3395771
4 128 4 4 3286018
4 128 4 8 3225729
4 128 4 16 3214024
4 128 4 32 3188808
4 128 4 64 3173074
4 128 4 128 3152168
4 128 4 256 3152023
4 128 4 512 3152329
4 128 8 1 3538210
4 128 8 2 3369925
4 128 8 4 3263763
4 128 8 8 3211000
4 128 8 16 3186328
4 128 8 32 3160705
4 128 8 64 3154710
4 128 8 128 3131971
4 128 8 256 3132212
4 128 8 512 3131916
4 128 16 1 3573535
4 128 16 2 3459433
4 128 16 4 3307228
4 128 16 8 3210439
4 128 16 16 3167688
4 128 16 32 3138552
4 128 16 64 3138859
4 128 16 128 3120952
4 128 16 256 3121070
4 128 16 512 3121454
4 128 32 1 3581901
4 128 32 2 3400615
4 128 32 4 3258612
4 128 32 8 3183617
4 128 32 16 3152629
4 128 32 32 3126953
4 128 32 64 3127568
4 128 32 128 3117355
4 128 32 256 3115585
4 128 32 512 3116078
4 128 64 1 3419312
4 128 64 2 3358151
4 128 64 4 3234471
4 128 64 8 3170117
4 128 64 16 3145448
4 128 64 32 3122643
4 128 64 64 3123088
4 128 64 128 3113858
4 128 64 256 3113477
4 128 64 512 3113321
4 128 128 1 3393303
4 128 128 2 3314126
4 128 128 4 3215353
4 128 128 8 3159918
4 128 128 16 3141148
4 128 128 32 3120091
4 128 128 64 3118687
4 128 128 128 3107312
4 128 128 256 3107791
4 128 128 512 3107075
4 128 256 1 3396615
4 128 256 2 3313818
4 128 256 4 3215213
4 128 256 8 3159783
4 128 256 16 3141960
4 128 256 32 3120148
4 128 256 64 3118921
4 128 256 128 3107280
4 128 256 256 3107461
4 128 256 512 3107416
4 128 512 1 3395755
4 128 512 2 3311998
4 128 512 4 3215954
4 128 512 8 3159682
4 128 512 16 3141549
4 128 512 32 3120792
4 128 512 64 3118935
4 128 512 128 3107207
4 128 512 256 3107609
4 128 512 512 3107834
4 256 1 1 3824623
4 256 1 2 3607058
4 256 1 4 3387142
4 256 1 8 3270129
4 256 1 16 3231438
4 256 1 32 3188624
4 256 1 64 3172984
4 256 1 128 3153246
4 256 1 256 3153514
4 256 1 512 3154387
4 256 2 1 3699318
4 256 2 2 3497828
4 256 2 4 3349197
4 256 2 8 3277360
4 256 2 16 3246890
4 256 2 32 3211167
4 256 2 64 3199189
4 256 2 128 3162197
4 256 2 256 3161364
4 256 2 512 3161467
4 256 4 1 3591386
4 256 4 2 3394671
4 256 4 4 3285577
4 256 4 8 3225501
4 256 4 16 3213785
4 256 4 32 3188714
4 256 4 64 3173214
4 256 4 128 3153116
4 256 4 256 3152394
4 256 4 512 3152080
4 256 8 1 3538414
4 256 8 2 3371828
4 256 8 4 3264529
4 256 8 8 3210880
4 256 8 16 3185047
4 256 8 32 3161451
4 256 8 64 3154616
4 256 8 128 3132321
4 256 8 256 3132369
4 256 8 512 3132481
4 256 16 1 3572776
4 256 16 2 3461951
4 256 16 4 3306737
4 256 16 8 3210484
4 256 16 16 3167341
4 256 16 32 3139717
4 256 16 64 3138558
4 256 16 128 3121112
4 256 16 256 3120956
4 256 16 512 3121074
4 256 32 1 3584110
4 256 32 2 3400308
4 256 32 4 3257858
4 256 32 8 3183477
4 256 32 16 3152839
4 256 32 32 3127049
4 256 32 64 3127689
4 256 32 128 3115677
4 256 32 256 3115491
4 256 32 512 3115488
4 256 64 1 3419708
4 256 64 2 3358672
4 256 64 4 3234424
4 256 64 8 3169734
4 256 64 16 3145966
4 256 64 32 3122503
4 256 64 64 3122904
4 256 64 128 3113141
4 256 64 256 3113024
4 256 64 512 3114965
4 256 128 1 3396226
4 256 128 2 3314274
4 256 128 4 3215309
4 256 128 8 3161134
4 256 128 16 3141207
4 256 128 32 3120201
4 256 128 64 3118491
4 256 128 128 3107200
4 256 128 256 3106966
4 256 128 512 3107109
4 256 256 1 3395523
4 256 256 2 3311272
4 256 256 4 3215282
4 256 256 8 3160742
4 256 256 16 3140993
4 256 256 32 3120194
4 256 256 64 3118537
4 256 256 128 3107136
4 256 256 256 3107131
4 256 256 512 3107585
4 256 512 1 3395464
4 256 512 2 3312959
4 256 512 4 3215592
4 256 512 8 3159799
4 256 512 16 3141416
4 256 512 32 3120084
4 256 512 64 3119022
4 256 512 128 3107190
4 256 512 256 3107147
4 256 512 512 3107127
4 512 1 1 3824493
4 512 1 2 3607247
4 512 1 4 3388121
4 512 1 8 3270030
4 512 1 16 3231906
4 512 1 32 3188865
4 512 1 64 3174750
4 512 1 128 3153304
4 512 1 256 3154051
4 512 1 512 3153255
4 512 2 1 3699886
4 512 2 2 3498283
4 512 2 4 3349835
4 512 2 8 3277565
4 512 2 16 3246274
4 512 2 32 3210007
4 512 2 64 3199097
4 512 2 128 3161135
4 512 2 256 3160752
4 512 2 512 3161351
4 512 4 1 3592300
4 512 4 2 3394161
4 512 4 4 3285564
4 512 4 8 3225357
4 512 4 16 3213943
4 512 4 32 3188111
4 512 4 64 3173413
4 512 4 128 3152098
4 512 4 256 3152519
4 512 4 512 3152270
4 512 8 1 3538353
4 512 8 2 3370085
4 512 8 4 3264085
4 512 8 8 3210157
4 512 8 16 3185105
4 512 8 32 3160227
4 512 8 64 3154360
4 512 8 128 3131931
4 512 8 256 3133275
4 512 8 512 3132031
4 512 16 1 3572816
4 512 16 2 3461871
4 512 16 4 3306074
4 512 16 8 3211350
4 512 16 16 3167217
4 512 16 32 3138834
4 512 16 64 3138678
4 512 16 128 3121371
4 512 16 256 3120561
4 512 16 512 3120923
4 512 32 1 3586395
4 512 32 2 3400261
4 512 32 4 3257105
4 512 32 8 3183069
4 512 32 16 3152331
4 512 32 32 3126555
4 512 32 64 3127740
4 512 32 128 3116500
4 512 32 256 3115833
4 512 32 512 3115374
4 512 64 1 3420382
4 512 64 2 3357855
4 512 64 4 3234058
4 512 64 8 3170046
4 512 64 16 3145636
4 512 64 32 3122567
4 512 64 64 3124152
4 512 64 128 3113383
4 512 64 256 3113237
4 512 64 512 3113497
4 512 128 1 3412030
4 512 128 2 3312513
4 512 128 4 3214499
4 512 128 8 3159415
4 512 128 16 3140819
4 512 128 32 3120169
4 512 128 64 3119596
4 512 128 128 3107190
4 512 128 256 3107225
4 512 128 512 3107091
4 512 256 1 3415186
4 512 256 2 3312208
4 512 256 4 3214844
4 512 256 8 3159768
4 512 256 16 3141033
4 512 256 32 3120740
4 512 256 64 3118142
4 512 256 128 3106551
4 512 256 256 3106899
4 512 256 512 3107083
4 512 512 1 3429328
4 512 512 2 3312474
4 512 512 4 3215249
4 512 512 8 3159408
4 512 512 16 3141181
4 512 512 32 3120900
4 512 512 64 3118502
4 512 512 128 3106923
4 512 512 256 3107104
4 512 512 512 3107052
8 1 1 1 3406590
8 1 1 2 3305267
8 1 1 4 3205075
8 1 1 8 3164466
8 1 1 16 3136510
8 1 1 32 3121969
8 1 1 64 3122587
8 1 1 128 3111698
8 1 1 256 3111492
8 1 1 512 3111434
8 1 2 1 3344598
8 1 2 2 3229913
8 1 2 4 3177369
8 1 2 8 3143430
8 1 2 16 3127065
8 1 2 32 3116682
8 1 2 64 3120684
8 1 2 128 3112852
8 1 2 256 3114542
8 1 2 512 3113063
8 1 4 1 3282122
8 1 4 2 3203803
8 1 4 4 3157989
8 1 4 8 3131579
8 1 4 16 3128073
8 1 4 32 3118433
8 1 4 64 3118292
8 1 4 128 3107794
8 1 4 256 3108047
8 1 4 512 3107850
8 1 8 1 3298250
8 1 8 2 3204530
8 1 8 4 3156620
8 1 8 8 3141042
8 1 8 16 3125921
8 1 8 32 3116758
8 1 8 64 3116418
8 1 8 128 3106746
8 1 8 256 3106482
8 1 8 512 3106898
8 1 16 1 3301389
8 1 16 2 3214832
8 1 16 4 3166621
8 1 16 8 3136930
8 1 16 16 3124717
8 1 16 32 3114969
8 1 16 64 3115236
8 1 16 128 3105944
8 1 16 256 3105782
8 1 16 512 3105813
8 1 32 1 3294034
8 1 32 2 3211085
8 1 32 4 3160990
8 1 32 8 3132188
8 1 32 16 3121093
8 1 32 32 3112822
8 1 32 64 3115564
8 1 32 128 3106631
8 1 32 256 3105881
8 1 32 512 3105887
8 1 64 1 3294743
8 1 64 2 3203536
8 1 64 4 3153727
8 1 64 8 3127745
8 1 64 16 3117589
8 1 64 32 3112137
8 1 64 64 3115064
8 1 64 128 3106062
8 1 64 256 3106258
8 1 64 512 3106451
8 1 128 1 3286247
8 1 128 2 3200963
8 1 128 4 3156143
8 1 128 8 3130041
8 1 128 16 3119837
8 1 128 32 3113587
8 1 128 64 3116364
8 1 128 128 3107590
8 1 128 256 3107192
8 1 128 512 3106915
8 1 256 1 3286517
8 1 256 2 3199810
8 1 256 4 3156093
8 1 256 8 3129951
8 1 256 16 3119965
8 1 256 32 3113314
8 1 256 64 3116350
8 1 256 128 3107299
8 1 256 256 3107060
8 1 256 512 3107111
8 1 512 1 3287148
8 1 512 2 3199927
8 1 512 4 3156006
8 1 512 8 3129780
8 1 512 16 3120374
8 1 512 32 3114207
8 1 512 64 3116901
8 1 512 128 3107419
8 1 512 256 3107242
8 1 512 512 3107831
8 2 1 1 3381671
8 2 1 2 3286315
8 2 1 4 3208740
8 2 1 8 3164887
8 2 1 16 3143813
8 2 1 32 3129045
8 2 1 64 3132143
8 2 1 128 3122771
8 2 1 256 3123165
8 2 1 512 3124010
8 2 2 1 3327422
8 2 2 2 3232824
8 2 2 4 3181185
8 2 2 8 3146655
8 2 2 16 3133796
8 2 2 32 3129469
8 2 2 64 3129973
8 2 2 128 3117210
8 2 2 256 3118030
8 2 2 512 3117360
8 2 4 1 3295365
8 2 4 2 3210379
8 2 4 4 3167320
8 2 4 8 3140327
8 2 4 16 3139171
8 2 4 32 3123635
8 2 4 64 3121169
8 2 4 128 3109436
8 2 4 256 3110006
8 2 4 512 3108998
8 2 8 1 3301188
8 2 8 2 3215863
8 2 8 4 3167142
8 2 8 8 3149921
8 2 8 16 3130593
8 2 8 32 3118685
8 2 8 64 3116845
8 2 8 128 3107150
8 2 8 256 3106923
8 2 8 512 3106799
8 2 16 1 3315991
8 2 16 2 3227011
8 2 16 4 3171744
8 2 16 8 3139895
8 2 16 16 3125957
8 2 16 32 3115397
8 2 16 64 3115372
8 2 16 128 3106974
8 2 16 256 3106078
8 2 16 512 3106209
8 2 32 1 3301999
8 2 32 2 3220622
8 2 32 4 3164050
8 2 32 8 3135029
8 2 32 16 3122771
8 2 32 32 3114346
8 2 32 64 3116046
8 2 32 128 3105912
8 2 32 256 3105662
8 2 32 512 3105653
8 2 64 1 3298283
8 2 64 2 3209431
8 2 64 4 3157259
8 2 64 8 3129187
8 2 64 16 3118835
8 2 64 32 3112145
8 2 64 64 3115496
8 2 64 128 3105526
8 2 64 256 3105649
8 2 64 512 3105744
8 2 128 1 3287282
8 2 128 2 3202191
8 2 128 4 3158337
8 2 128 8 3131990
8 2 128 16 3122291
8 2 128 32 3115381
8 2 128 64 3116976
8 2 128 128 3107750
8 2 128 256 3107575
8 2 128 512 3107703
8 2 256 1 3286570
8 2 256 2 3201253
8 2 256 4 3157825
8 2 256 8 3132067
8 2 256 16 3122240
8 2 256 32 3116133
8 2 256 64 3117016
8 2 256 128 3107856
8 2 256 256 3107808
8 2 256 512 3107693
8 2 512 1 3286497
8 2 512 2 3201483
8 2 512 4 3157878
8 2 512 8 3132155
8 2 512 16 3122720
8 2 512 32 3115102
8 2 512 64 3117040
8 2 512 128 3107603
8 2 512 256 3107946
8 2 512 512 3107397
8 4 1 1 3494837
8 4 1 2 3398336
8 4 1 4 3272291
8 4 1 8 3204319
8 4 1 16 3182418
8 4 1 32 3151313
8 4 1 64 3143995
8 4 1 128 3128357
8 4 1 256 3129378
8 4 1 512 3130619
8 4 2 1 3474670
8 4 2 2 3312360
8 4 2 4 3228532
8 4 2 8 3184135
8 4 2 16 3153679
8 4 2 32 3133041
8 4 2 64 3134310
8 4 2 128 3119716
8 4 2 256 3119346
8 4 2 512 3119248
8 4 4 1 3397714
8 4 4 2 3266484
8 4 4 4 3200894
8 4 4 8 3156873
8 4 4 16 3141398
8 4 4 32 3122909
8 4 4 64 3120883
8 4 4 128 3109871
8 4 4 256 3110143
8 4 4 512 3110265
8 4 8 1 3351295
8 4 8 2 3253136
8 4 8 4 3180428
8 4 8 8 3151011
8 4 8 16 3130133
8 4 8 32 3118072
8 4 8 64 3116798
8 4 8 128 3107003
8 4 8 256 3106674
8 4 8 512 3106936
8 4 16 1 3331609
8 4 16 2 3237066
8 4 16 4 3174959
8 4 16 8 3140436
8 4 16 16 3126366
8 4 16 32 3115512
8 4 16 64 3116988
8 4 16 128 3105805
8 4 16 256 3106087
8 4 16 512 3106157
8 4 32 1 3311692
8 4 32 2 3220969
8 4 32 4 3164197
8 4 32 8 3135439
8 4 32 16 3124046
8 4 32 32 3114868
8 4 32 64 3115133
8 4 32 128 3105968
8 4 32 256 3105763
8 4 32 512 3105720
8 4 64 1 3301500
8 4 64 2 3210619
8 4 64 4 3158252
8 4 64 8 3130230
8 4 64 16 3120543
8 4 64 32 3113324
8 4 64 64 3115123
8 4 64 128 3106619
8 4 64 256 3106044
8 4 64 512 3105862
8 4 128 1 3288930
8 4 128 2 3202917
8 4 128 4 3159814
8 4 128 8 3133863
8 4 128 16 3122945
8 4 128 32 3115479
8 4 128 64 3117293
8 4 128 128 3107689
8 4 128 256 3107774
8 4 128 512 3107747
8 4 256 1 3289349
8 4 256 2 3203073
8 4 256 4 3159735
8 4 256 8 3133366
8 4 256 16 3123661
8 4 256 32 3116014
8 4 256 64 3117280
8 4 256 128 3107745
8 4 256 256 3107855
8 4 256 512 3108054
8 4 512 1 3287348
8 4 512 2 3203389
8 4 512 4 3159447
8 4 512 8 3133089
8 4 512 16 3122629
8 4 512 32 3115265
8 4 512 64 3117119
8 4 512 128 3107375
8 4 512 256 3107655
8 4 512 512 3108510
8 8 1 1 3711432
8 8 1 2 3550923
8 8 1 4 3350861
8 8 1 8 3259997
8 8 1 16 3203260
8 8 1 32 3169490
8 8 1 64 3159490
8 8 1 128 3143989
8 8 1 256 3144497
8 8 1 512 3144518
8 8 2 1 3597132
8 8 2 2 3374575
8 8 2 4 3260583
8 8 2 8 3222252
8 8 2 16 3181107
8 8 2 32 3158211
8 8 2 64 3157028
8 8 2 128 3127963
8 8 2 256 3126528
8 8 2 512 3126497
8 8 4 1 3418661
8 8 4 2 3283457
8 8 4 4 3204101
8 8 4 8 3167639
8 8 4 16 3143360
8 8 4 32 3125018
8 8 4 64 3123658
8 8 4 128 3111482
8 8 4 256 3110981
8 8 4 512 3111397
8 8 8 1 3370335
8 8 8 2 3264423
8 8 8 4 3189956
8 8 8 8 3157379
8 8 8 16 3133581
8 8 8 32 3119883
8 8 8 64 3119642
8 8 8 128 3107732
8 8 8 256 3107654
8 8 8 512 3107822
8 8 16 1 3344756
8 8 16 2 3245533
8 8 16 4 3183781
8 8 16 8 3147980
8 8 16 16 3133484
8 8 16 32 3121472
8 8 16 64 3119084
8 8 16 128 3108595
8 8 16 256 3108500
8 8 16 512 3108979
8 8 32 1 3354879
8 8 32 2 3231651
8 8 32 4 3173408
8 8 32 8 3143278
8 8 32 16 3131699
8 8 32 32 3122180
8 8 32 64 3120670
8 8 32 128 3109447
8 8 32 256 3108966
8 8 32 512 3109413
8 8 64 1 3329561
8 8 64 2 3242938
8 8 64 4 3176697
8 8 64 8 3140575
8 8 64 16 3129258
8 8 64 32 3116524
8 8 64 64 3118543
8 8 64 128 3109311
8 8 64 256 3109561
8 8 64 512 3109328
8 8 128 1 3334392
8 8 128 2 3255348
8 8 128 4 3191061
8 8 128 8 3148902
8 8 128 16 3135414
8 8 128 32 3117704
8 8 128 64 3118532
8 8 128 128 3107818
8 8 128 256 3107906
8 8 128 512 3107332
8 8 256 1 3332850
8 8 256 2 3255960
8 8 256 4 3191925
8 8 256 8 3150020
8 8 256 16 3134077
8 8 256 32 3117939
8 8 256 64 3118597
8 8 256 128 3107808
8 8 256 256 3107669
8 8 256 512 3107835
8 8 512 1 3333530
8 8 512 2 3254684
8 8 512 4 3191002
8 8 512 8 3150237
8 8 512 16 3134044
8 8 512 32 3118049
8 8 512 64 3118451
8 8 512 128 3108473
8 8 512 256 3108393
8 8 512 512 3107651
8 16 1 1 3734782
8 16 1 2 3581947
8 16 1 4 3365440
8 16 1 8 3252063
8 16 1 16 3196267
8 16 1 32 3163660
8 16 1 64 3155220
8 16 1 128 3139002
8 16 1 256 3139019
8 16 1 512 3138580
8 16 2 1 3614357
8 16 2 2 3407511
8 16 2 4 3292642
8 16 2 8 3222102
8 16 2 16 3182460
8 16 2 32 3161827
8 16 2 64 3160132
8 16 2 128 3127681
8 16 2 256 3128276
8 16 2 512 3128695
8 16 4 1 3430793
8 16 4 2 3290274
8 16 4 4 3227068
8 16 4 8 3166968
8 16 4 16 3145809
8 16 4 32 3129502
8 16 4 64 3125846
8 16 4 128 3112657
8 16 4 256 3112550
8 16 4 512 3112781
8 16 8 1 3407303
8 16 8 2 3291609
8 16 8 4 3219149
8 16 8 8 3172984
8 16 8 16 3147567
8 16 8 32 3130121
8 16 8 64 3125278
8 16 8 128 3112704
8 16 8 256 3112231
8 16 8 512 3112669
8 16 16 1 3429934
8 16 16 2 3268418
8 16 16 4 3198834
8 16 16 8 3158486
8 16 16 16 3143109
8 16 16 32 3127971
8 16 16 64 3128220
8 16 16 128 3114670
8 16 16 256 3114688
8 16 16 512 3115840
8 16 32 1 3404773
8 16 32 2 3280262
8 16 32 4 3200277
8 16 32 8 3155596
8 16 32 16 3138433
8 16 32 32 3122491
8 16 32 64 3124261
8 16 32 128 3112789
8 16 32 256 3113234
8 16 32 512 3112763
8 16 64 1 3383358
8 16 64 2 3283698
8 16 64 4 3196960
8 16 64 8 3151342
8 16 64 16 3134685
8 16 64 32 3118184
8 16 64 64 3120585
8 16 64 128 3111877
8 16 64 256 3113496
8 16 64 512 3112116
8 16 128 1 3360378
8 16 128 2 3281335
8 16 128 4 3203043
8 16 128 8 3155015
8 16 128 16 3136918
8 16 128 32 3118423
8 16 128 64 3118578
8 16 128 128 3107911
8 16 128 256 3107241
8 16 128 512 3107297
8 16 256 1 3367272
8 16 256 2 3282850
8 16 256 4 3202657
8 16 256 8 3154207
8 16 256 16 3136335
8 16 256 32 3118401
8 16 256 64 3118640
8 16 256 128 3108799
8 16 256 256 3107886
8 16 256 512 3107676
8 16 512 1 336